Testcase: p1 Final Cost: 9327 Time Spent: 0 second(s)
1 1 1 1 1 1 1 1 1 1 
2 8 1 6 3 8 2 4 4 1 9 8 3 2 8 3 4 0 9 7 3 4 6 4 2 5 1 5 0 5 2 6 0 3 9 4 4 3 0 4 1 8 1 5 7 0 4 0 4 0 
Testcase: p2 Final Cost: 8983 Time Spent: 0 second(s)
1 1 1 1 1 1 1 1 1 1 
6 1 1 6 3 8 2 4 4 6 9 8 3 2 8 3 4 0 9 7 3 8 6 4 2 5 1 5 0 5 2 6 0 3 9 4 4 3 0 4 1 8 1 5 7 0 4 0 4 0 
Testcase: p3 Final Cost: 10651 Time Spent: 0 second(s)
1 1 1 1 1 1 1 1 1 1 
6 8 1 6 3 8 2 4 4 1 9 2 3 2 8 3 4 0 9 7 3 8 6 4 2 5 1 5 0 5 2 6 0 3 9 4 4 3 0 4 1 8 1 5 7 0 4 0 4 0 
Testcase: p4 Final Cost: 12482 Time Spent: 0 second(s)
1 1 1 1 1 1 0 1 1 1 
8 3 1 2 3 8 2 4 4 1 9 4 3 2 8 3 4 0 9 7 3 0 5 4 2 5 1 5 0 5 2 2 0 3 9 4 4 3 0 4 1 8 1 5 7 0 4 0 4 0 
Testcase: p5 Final Cost: 9936 Time Spent: 0 second(s)
1 1 1 1 1 1 1 0 1 1 
8 4 1 6 3 8 2 4 4 1 9 8 3 2 8 3 4 0 9 9 3 8 6 4 2 5 1 5 0 5 2 6 0 3 9 2 4 3 8 4 1 8 1 5 3 0 9 0 9 0 
Testcase: p6 Final Cost: 10089 Time Spent: 0 second(s)
1 1 1 1 1 1 0 1 1 1 
8 8 1 9 3 8 2 4 4 1 9 8 3 2 8 3 2 0 9 7 0 0 4 4 2 5 1 5 0 5 2 5 0 3 9 4 8 3 1 4 1 3 1 5 7 0 3 0 4 9 
Testcase: p7 Final Cost: 10774 Time Spent: 0 second(s)
1 1 1 1 1 1 1 1 1 1 
8 8 1 6 3 8 2 4 4 1 9 8 3 2 8 3 4 5 9 7 3 8 6 4 2 5 1 5 0 5 2 6 0 3 9 4 4 3 0 0 1 8 1 5 7 0 5 0 4 0 
Testcase: p8 Final Cost: 12489 Time Spent: 0 second(s)
1 1 1 1 1 1 1 1 1 1 
8 8 1 6 3 8 2 4 4 1 9 8 3 2 8 3 4 0 9 7 3 8 6 2 1 5 1 5 0 5 2 6 0 3 9 4 2 3 0 4 1 8 1 5 7 0 4 1 4 0 
Testcase: p9 Final Cost: 9040 Time Spent: 0 second(s)
1 1 1 1 1 1 1 1 1 1 
8 8 1 6 3 8 2 4 4 1 9 8 3 2 8 3 4 0 9 7 3 8 6 4 2 5 1 5 0 5 2 6 0 3 9 4 4 3 0 4 1 8 1 5 7 0 4 0 4 0 
Testcase: p10 Final Cost: 7726 Time Spent: 0 second(s)
1 1 1 1 1 1 1 1 1 1 
8 8 1 6 3 8 2 4 4 1 9 8 3 2 8 3 4 0 9 7 3 8 6 4 2 5 1 5 0 5 2 6 0 3 9 4 4 3 0 4 1 8 1 5 7 0 4 0 4 0 
Testcase: p11 Final Cost: 10768 Time Spent: 0 second(s)
1 1 1 1 1 0 1 1 1 1 
8 8 1 6 3 8 2 4 4 1 9 8 3 2 8 3 4 0 9 7 3 8 6 4 2 0 1 6 0 4 2 6 0 3 9 4 4 3 0 4 1 8 1 4 7 0 7 0 4 0 
Testcase: p12 Final Cost: 13622 Time Spent: 0 second(s)
0 1 1 1 1 1 1 1 1 1 
8 8 1 6 3 8 2 4 4 1 9 8 3 2 8 3 4 7 9 7 3 8 6 4 2 5 1 5 9 5 2 6 3 3 9 4 4 3 2 4 1 8 1 5 7 5 4 4 4 2 
Testcase: p13 Final Cost: 10932 Time Spent: 0 second(s)
1 1 1 1 1 0 1 1 1 1 1 0 1 1 1 1 1 1 0 1 
16 12 10 10 1 12 17 13 14 17 15 4 1 6 13 3 15 10 4 9 12 15 15 19 6 17 16 17 1 17 13 7 2 16 3 10 3 19 19 13 6 0 16 0 8 15 14 10 19 9 
Testcase: p14 Final Cost: 9221 Time Spent: 0 second(s)
1 0 1 1 1 1 1 0 1 1 1 0 1 1 1 1 1 1 1 1 
16 12 10 10 3 18 17 13 14 17 15 4 18 6 13 3 15 10 4 9 12 15 15 19 6 17 16 17 14 17 13 12 2 16 3 10 12 19 19 13 6 0 5 0 8 5 14 10 19 9 
Testcase: p15 Final Cost: 13250 Time Spent: 0 second(s)
1 0 1 0 1 1 1 1 1 0 1 1 1 1 0 1 1 1 1 1 
16 12 10 10 15 18 17 13 11 17 15 4 18 6 13 2 15 10 4 8 12 15 15 19 6 17 16 17 15 17 13 7 2 16 8 10 11 19 19 13 6 0 5 0 8 5 7 10 19 17 
Testcase: p16 Final Cost: 17988 Time Spent: 0 second(s)
1 0 0 0 1 1 1 1 0 0 1 0 1 1 1 1 1 1 1 0 
16 12 10 10 5 18 17 13 14 17 15 4 6 6 13 4 15 10 4 4 12 15 15 13 6 17 16 17 7 17 13 7 16 16 5 10 0 14 6 13 6 0 5 0 17 5 14 10 13 16 
Testcase: p17 Final Cost: 11053 Time Spent: 0 second(s)
1 1 0 1 1 0 1 1 0 1 1 0 1 1 1 1 1 1 0 1 
16 12 10 10 1 15 17 13 14 17 15 4 1 6 13 3 15 10 4 9 12 15 15 19 6 17 16 17 1 17 13 7 19 16 3 10 14 19 19 13 6 0 14 0 1 16 14 10 19 9 
Testcase: p18 Final Cost: 8970 Time Spent: 0 second(s)
1 1 0 1 1 1 1 1 1 1 1 1 0 1 0 1 1 1 1 1 
16 1 10 10 1 18 17 13 15 17 15 4 1 6 13 3 15 10 4 9 1 15 15 19 6 17 16 17 1 17 13 7 15 16 3 10 11 19 19 13 6 0 5 0 8 5 7 10 19 9 
Testcase: p19 Final Cost: 12654 Time Spent: 0 second(s)
1 1 0 1 1 1 1 1 1 0 1 1 0 1 0 1 1 1 1 1 
16 8 10 10 1 18 17 13 18 17 15 4 1 6 13 3 15 10 4 10 13 15 15 19 6 17 16 17 1 17 13 7 13 16 3 10 11 19 19 13 6 0 5 0 8 5 18 10 19 3 
Testcase: p20 Final Cost: 16441 Time Spent: 0 second(s)
1 1 0 1 1 1 1 0 0 0 1 1 0 1 1 1 1 1 0 0 
16 13 10 10 1 13 17 13 14 17 15 4 1 6 13 3 15 10 4 0 11 15 15 14 6 17 16 17 1 17 0 3 13 16 3 10 11 16 13 13 6 0 5 0 3 5 14 10 4 16 
Testcase: p21 Final Cost: 11877 Time Spent: 0 second(s)
1 1 0 0 1 1 0 1 1 1 1 0 1 1 1 1 1 1 1 1 
16 12 10 10 1 18 17 13 14 17 15 4 1 16 13 7 15 10 4 9 12 15 15 19 7 17 16 17 1 17 13 7 19 16 4 10 4 19 19 13 17 0 5 0 8 5 14 10 19 9 
Testcase: p22 Final Cost: 9064 Time Spent: 0 second(s)
1 1 0 1 1 1 1 0 1 1 1 1 1 1 1 1 1 1 1 1 
16 12 10 10 1 18 17 13 14 17 15 4 1 6 13 3 15 10 4 9 12 15 15 19 6 17 16 17 1 17 13 12 4 16 3 10 11 19 19 13 6 0 5 0 8 5 14 10 19 9 
Testcase: p23 Final Cost: 13812 Time Spent: 0 second(s)
1 1 1 1 1 1 0 0 1 0 1 1 0 1 1 1 1 1 0 0 
16 13 10 10 1 8 17 13 14 17 15 4 1 3 13 3 15 10 4 8 3 15 15 11 11 17 16 17 1 17 13 1 2 16 3 10 11 1 4 13 13 0 5 0 8 5 14 10 17 3 
Testcase: p24 Final Cost: 18284 Time Spent: 0 second(s)
0 1 0 0 1 1 1 1 1 1 1 1 1 1 1 1 1 0 1 0 
16 12 10 10 1 18 7 13 14 4 15 4 1 6 13 6 15 10 4 9 12 15 15 8 6 10 16 11 1 8 13 7 13 16 16 10 11 15 9 13 6 10 5 15 8 5 14 10 8 9 
Testcase: p25 Final Cost: 18949 Time Spent: 0 second(s)
1 0 1 1 1 1 1 1 1 1 0 1 0 1 1 1 1 1 0 1 1 1 0 1 1 1 0 1 1 1 
20 11 13 2 20 5 2 9 14 17 23 16 8 20 3 14 14 17 5 11 14 0 5 3 5 8 19 24 5 24 25 25 6 25 20 20 24 15 0 14 0 14 15 8 24 14 7 13 27 8 29 14 14 5 13 20 17 11 0 14 0 5 20 11 11 11 9 0 5 9 20 6 11 17 24 8 9 20 14 24 20 7 13 17 13 17 17 4 20 5 2 24 5 11 17 5 2 3 21 16 8 17 2 25 2 29 28 11 14 28 14 17 2 11 11 21 24 24 24 24 5 8 25 13 16 0 5 9 0 5 0 11 24 5 8 14 7 5 20 17 0 8 20 14 8 25 25 5 2 5 
Testcase: p26 Final Cost: 16904 Time Spent: 0 second(s)
1 0 1 1 0 1 1 1 1 1 0 1 0 1 1 0 1 1 0 1 1 0 1 0 1 1 0 1 1 1 
20 11 13 2 20 5 2 9 14 17 22 16 8 20 3 14 14 11 5 11 2 0 5 3 5 8 19 24 5 24 5 25 6 25 20 20 24 11 0 14 0 14 29 8 24 14 0 13 27 8 29 14 14 5 13 20 17 11 0 14 0 5 20 11 11 11 9 0 5 9 20 6 11 17 24 8 2 20 14 24 20 7 13 17 17 11 17 17 20 5 2 24 13 11 17 5 2 7 24 16 8 20 17 25 2 29 20 11 14 28 14 16 2 11 11 27 24 24 24 24 5 8 25 13 16 0 5 9 0 7 0 11 24 5 8 14 7 5 20 17 0 8 20 14 8 25 25 5 2 5 
Testcase: p27 Final Cost: 19864 Time Spent: 1 second(s)
1 0 1 1 1 1 0 1 1 1 0 1 0 1 1 1 1 1 0 1 1 0 0 0 1 1 1 1 1 0 
20 11 13 2 20 5 7 9 14 17 11 16 8 20 3 14 14 17 5 11 2 0 5 3 5 8 19 24 5 24 5 25 4 25 20 20 24 15 0 14 0 14 15 8 24 14 0 13 27 8 16 14 14 5 13 20 17 11 0 14 0 5 20 11 11 11 9 0 5 9 20 16 11 17 24 8 26 20 14 24 20 7 13 17 4 17 17 4 20 5 2 24 17 11 17 5 2 2 5 16 8 2 0 25 2 9 25 11 14 28 14 14 2 11 11 13 24 24 24 24 5 8 25 13 16 0 5 9 0 13 0 11 24 5 8 14 7 5 20 17 0 8 20 14 8 25 25 5 2 5 
Testcase: p28 Final Cost: 24335 Time Spent: 0 second(s)
1 0 1 0 1 1 1 1 1 1 0 1 0 1 1 1 1 1 0 1 1 1 0 0 1 1 0 1 1 0 
20 11 13 2 20 5 7 9 14 17 15 16 8 20 17 14 14 17 5 11 2 0 5 25 5 8 19 24 5 24 5 25 6 25 20 20 24 15 0 14 0 14 15 8 24 14 0 13 27 8 13 14 14 5 13 20 17 11 0 14 0 5 20 11 11 11 9 0 5 9 20 6 11 14 24 8 8 20 14 24 20 7 13 17 24 17 17 4 20 5 2 24 17 11 17 5 2 2 21 16 8 17 2 25 2 7 4 11 14 28 14 28 2 11 11 21 24 24 24 24 5 8 25 13 16 0 5 9 0 6 0 11 24 5 8 14 7 5 20 17 0 8 20 14 8 25 25 5 2 5 
Testcase: p29 Final Cost: 17728 Time Spent: 0 second(s)
1 0 1 0 1 1 1 1 1 1 0 1 1 1 1 1 1 1 0 1 1 1 0 0 1 1 0 1 0 1 
20 11 13 2 20 5 2 9 14 17 14 16 8 20 5 14 14 17 29 11 2 0 5 27 5 8 19 24 29 24 24 25 6 25 20 20 24 15 0 14 0 14 15 8 24 14 0 13 27 8 29 14 14 5 13 20 17 11 0 14 0 5 20 11 11 11 9 0 5 9 20 6 11 17 24 8 27 20 14 24 20 7 13 17 17 17 17 4 20 5 2 24 17 11 17 5 2 2 21 16 8 17 17 25 2 29 17 11 8 7 14 21 2 11 11 21 24 24 24 24 5 8 25 13 16 0 5 9 0 12 0 11 24 5 8 14 7 5 20 17 0 8 20 14 8 25 25 5 2 5 
Testcase: p30 Final Cost: 14937 Time Spent: 0 second(s)
1 1 1 1 1 1 0 0 1 1 0 1 0 1 1 0 1 1 0 1 1 1 0 0 1 1 1 1 1 0 
20 11 13 2 20 5 2 9 14 17 25 16 8 20 3 14 14 17 0 11 2 0 5 3 5 8 19 24 5 24 5 25 14 25 20 20 24 9 0 14 0 14 27 8 24 14 0 13 27 8 14 13 14 5 13 20 17 11 0 14 0 5 20 11 11 11 9 0 5 9 20 20 11 17 24 8 26 20 2 24 20 17 13 17 17 17 17 4 20 5 2 24 17 11 17 11 2 2 21 16 8 17 17 25 2 27 2 11 14 28 14 1 2 11 11 21 24 24 24 24 5 8 25 13 16 0 5 9 0 17 0 11 24 5 8 14 25 5 20 17 0 8 20 14 8 25 25 5 2 5 
Testcase: p31 Final Cost: 19660 Time Spent: 0 second(s)
1 0 1 1 1 1 1 1 1 1 0 1 0 1 1 1 0 1 0 1 1 1 0 0 1 1 0 1 1 1 
20 11 13 2 20 5 2 9 14 17 2 28 8 20 3 14 14 17 5 11 2 0 5 3 21 8 19 24 5 24 11 25 6 25 20 20 24 15 0 14 0 14 15 8 24 14 0 13 27 8 29 14 14 5 13 20 17 11 0 14 0 5 20 11 11 11 9 0 5 9 20 6 11 17 24 8 21 20 14 24 20 7 13 17 17 17 17 4 20 5 2 24 17 11 17 25 2 2 21 4 8 17 17 25 2 29 17 11 14 28 14 6 2 11 11 21 24 24 24 24 5 8 25 13 5 0 5 9 0 5 0 11 24 24 8 14 7 5 20 17 0 8 20 14 8 25 25 5 2 5 
Testcase: p32 Final Cost: 22683 Time Spent: 0 second(s)
1 0 1 1 0 1 0 1 1 1 0 1 0 1 1 0 1 1 0 1 1 0 0 0 1 1 0 1 1 1 
20 11 13 2 20 5 2 9 14 17 29 16 8 20 3 14 14 17 5 11 2 0 5 3 5 8 19 24 5 24 5 25 8 25 20 8 24 29 0 14 0 14 24 8 24 14 0 13 27 8 29 14 14 5 20 20 17 11 0 14 0 24 20 11 11 11 9 0 5 9 20 24 11 17 24 8 28 20 14 24 20 7 13 17 17 17 17 3 20 5 2 24 17 11 17 5 2 2 29 16 8 17 17 25 2 29 17 11 28 28 14 14 2 11 11 17 24 9 24 24 5 8 25 13 16 0 5 9 0 27 0 11 24 11 8 14 7 5 20 17 0 8 20 14 8 25 25 5 2 5 
Testcase: p33 Final Cost: 17783 Time Spent: 0 second(s)
1 0 1 1 0 1 1 0 1 1 0 1 1 1 1 1 1 1 0 1 1 1 0 0 1 1 0 1 1 1 
20 11 13 2 20 5 2 9 14 17 3 16 8 20 3 14 14 17 5 11 2 0 5 3 5 8 19 24 5 24 5 25 6 25 20 20 24 15 0 14 0 14 15 8 24 14 0 13 27 8 29 14 14 5 13 20 17 11 0 14 0 5 20 11 11 11 9 0 5 9 20 6 11 17 24 8 21 20 14 24 20 0 13 17 17 17 17 3 20 5 2 24 17 11 17 5 2 2 21 16 8 17 17 25 2 29 17 11 14 28 14 16 2 11 11 21 24 24 24 24 5 8 25 13 16 0 5 9 0 12 0 11 24 5 8 14 21 5 20 17 0 8 20 14 8 25 25 5 2 5 
Testcase: p34 Final Cost: 15788 Time Spent: 0 second(s)
1 0 1 1 1 1 1 1 1 1 0 1 1 1 1 1 0 1 1 1 1 0 0 1 1 1 1 1 1 0 
20 11 13 2 20 5 2 9 14 17 12 8 8 20 3 14 14 17 5 11 2 0 5 3 5 8 19 24 5 24 5 25 6 25 20 20 24 15 23 14 0 14 15 8 24 14 0 13 27 8 0 14 14 5 13 20 17 11 0 14 0 5 20 11 11 11 9 0 5 9 20 6 11 17 24 8 26 20 14 24 20 7 13 17 17 17 17 4 20 5 2 24 17 11 17 5 2 2 19 18 8 17 17 25 2 9 17 11 14 28 14 28 2 11 11 23 24 24 24 24 5 8 25 13 7 0 5 9 0 12 0 11 24 5 8 14 7 5 20 17 0 8 20 14 8 25 25 5 2 5 
Testcase: p35 Final Cost: 19496 Time Spent: 0 second(s)
1 0 1 1 1 1 0 1 1 1 0 1 0 1 1 0 1 1 0 1 1 0 1 0 1 1 0 1 1 1 
20 11 13 2 20 5 2 9 14 17 22 16 8 20 3 14 14 17 5 11 2 0 5 3 5 8 19 24 5 24 5 25 29 25 20 20 24 4 0 14 0 14 9 8 24 14 0 13 27 8 29 14 14 5 13 20 17 11 0 14 0 5 20 11 11 11 9 0 5 9 20 20 11 17 24 8 2 20 14 24 20 7 20 17 17 17 17 7 20 5 2 24 17 11 17 5 2 2 4 16 8 17 17 25 2 29 17 11 14 28 14 16 2 11 11 19 24 24 24 24 5 8 25 13 16 0 5 9 0 13 0 11 24 5 8 14 7 5 20 17 0 8 20 14 8 25 25 5 2 5 
Testcase: p36 Final Cost: 22497 Time Spent: 0 second(s)
1 0 1 1 0 1 0 1 1 1 0 1 0 1 1 1 1 1 0 1 1 1 0 0 1 1 0 0 1 1 
20 11 13 2 20 5 2 9 14 17 15 16 8 20 3 14 14 17 5 11 2 0 5 3 5 8 19 24 5 24 5 25 25 25 20 20 24 15 0 14 0 14 15 8 24 14 0 13 7 8 29 14 14 5 13 20 17 11 0 14 0 5 20 11 11 11 9 0 5 9 20 13 11 17 24 8 17 20 14 24 20 7 13 17 17 17 17 11 20 5 2 24 17 11 17 5 2 2 21 16 8 17 17 25 2 29 17 11 14 28 14 24 2 11 11 25 24 24 24 24 5 8 25 13 16 0 5 9 0 5 0 11 24 5 8 14 7 5 20 17 0 8 20 14 8 25 25 5 2 5 
Testcase: p37 Final Cost: 18696 Time Spent: 0 second(s)
1 1 1 1 1 1 1 1 1 1 0 1 0 0 1 1 0 1 0 1 1 1 0 0 1 1 0 1 1 1 
20 11 27 2 20 5 2 9 14 17 5 25 8 20 3 14 14 17 5 11 2 0 5 3 5 8 19 24 5 24 5 25 6 25 20 20 24 15 0 14 0 14 15 8 24 14 0 14 27 8 29 14 14 5 25 20 17 11 0 14 0 5 20 11 11 11 9 0 5 9 20 6 11 17 24 8 4 20 14 24 20 7 14 17 17 17 17 4 20 5 2 24 17 11 17 5 2 2 21 28 8 17 17 25 2 29 17 11 14 28 14 1 2 11 11 21 24 24 24 24 5 8 25 14 21 0 5 9 0 25 0 11 24 5 8 14 7 5 20 17 0 8 20 14 8 25 25 5 2 5 
Testcase: p38 Final Cost: 15255 Time Spent: 0 second(s)
1 0 1 0 1 1 1 1 1 1 0 1 1 1 1 1 1 1 0 1 1 0 1 0 1 1 0 1 1 0 
20 11 13 2 20 5 2 9 14 17 22 16 8 20 24 14 14 17 5 11 2 0 5 8 5 8 19 24 5 24 5 25 6 25 20 20 24 15 0 14 0 14 15 8 24 14 0 13 27 8 22 14 14 5 13 20 17 11 0 14 0 5 20 11 11 11 9 0 5 9 20 6 11 17 24 8 9 20 14 24 20 7 13 17 17 17 17 4 20 5 2 24 17 11 17 9 2 2 22 16 8 17 17 25 2 7 17 11 14 28 14 2 2 11 11 17 24 24 24 24 5 8 25 13 16 0 5 9 0 12 0 11 24 5 8 14 17 5 20 17 0 8 20 14 8 25 25 5 2 5 
Testcase: p39 Final Cost: 18866 Time Spent: 0 second(s)
1 0 1 0 1 1 1 1 1 1 0 1 0 1 1 1 1 1 0 1 1 1 0 0 1 1 0 1 0 1 
20 11 13 2 20 5 2 9 14 17 13 16 8 20 19 14 14 17 5 11 2 0 5 19 5 8 19 24 5 24 5 25 6 25 20 20 24 15 0 14 0 14 15 8 24 14 0 13 27 8 29 14 14 5 13 20 17 11 11 14 0 5 20 11 11 11 9 0 5 9 20 6 11 17 24 8 7 20 14 24 20 7 13 17 17 17 17 4 20 5 2 24 17 11 17 5 2 2 21 16 8 17 17 25 2 29 17 11 14 14 14 17 2 11 11 21 24 24 24 24 5 8 25 13 16 0 5 9 0 8 0 11 24 5 8 14 7 5 20 17 0 8 20 14 8 25 25 5 2 5 
Testcase: p40 Final Cost: 24626 Time Spent: 0 second(s)
1 0 1 1 1 1 1 1 1 1 0 1 0 1 1 1 0 1 0 1 1 1 1 0 1 1 0 1 1 1 
20 11 13 2 20 5 2 9 14 17 22 13 8 20 3 14 14 17 5 11 2 0 5 3 5 8 19 24 5 24 5 25 6 25 20 20 24 15 0 14 0 14 15 8 24 14 0 13 27 8 29 14 14 5 13 20 17 11 0 14 0 5 20 11 11 11 9 0 5 9 20 6 11 17 24 8 22 20 14 24 20 7 13 17 17 17 17 4 20 5 2 24 17 11 17 5 2 2 21 11 8 17 17 25 2 29 17 11 14 28 14 15 2 11 11 21 24 24 24 24 5 8 25 13 6 0 5 9 0 19 0 11 24 5 8 14 7 5 20 17 0 8 20 14 8 25 25 5 2 5 
Testcase: p41 Final Cost: 7354 Time Spent: 0 second(s)
1 1 1 1 1 1 1 1 1 1 
5 6 4 1 7 9 3 7 8 8 4 7 2 6 2 7 7 3 0 6 6 1 4 1 6 5 5 4 8 5 8 0 0 0 3 9 2 6 6 9 2 7 3 3 3 5 0 5 6 4 1 1 6 6 6 7 2 8 8 8 0 0 1 5 0 6 6 6 4 4 0 4 4 0 7 7 4 2 9 5 7 2 9 7 7 9 9 9 7 9 
Testcase: p42 Final Cost: 9791 Time Spent: 0 second(s)
1 1 1 0 1 0 1 1 1 1 1 1 1 1 1 1 0 1 1 1 
12 10 11 9 15 18 14 13 17 1 11 18 6 10 6 15 0 2 14 14 14 11 9 8 12 8 11 8 17 13 7 19 6 8 14 10 10 0 0 1 1 8 18 18 9 13 8 19 15 15 10 17 7 13 13 2 2 14 14 14 11 11 4 13 11 4 0 15 19 6 10 18 19 19 19 18 18 18 19 19 
Testcase: p43 Final Cost: 11828 Time Spent: 0 second(s)
1 1 0 1 0 1 1 1 1 1 0 1 1 1 0 1 0 1 1 1 0 1 1 1 1 0 0 0 1 1 
18 19 15 24 0 22 1 21 21 29 24 23 3 9 18 11 8 15 12 7 29 7 22 28 17 13 29 6 29 24 5 8 8 13 0 22 7 12 21 11 8 12 28 23 5 8 13 17 17 11 21 0 9 18 6 6 19 1 29 29 5 13 1 29 21 28 1 5 28 29 
Testcase: p44 Final Cost: 7904 Time Spent: 0 second(s)
1 1 1 1 1 1 1 1 1 1 
4 4 4 4 4 4 4 4 0 6 0 0 0 0 6 0 1 1 1 4 9 1 1 2 2 2 2 2 2 2 2 3 3 3 3 3 3 3 3 3 4 0 1 1 8 3 7 5 9 9 7 6 5 5 8 8 7 7 9 5 5 5 2 3 0 6 6 8 1 0 4 3 9 7 7 8 6 6 5 8 7 9 9 9 9 3 6 5 7 5 
Testcase: p45 Final Cost: 9661 Time Spent: 0 second(s)
1 1 1 1 1 1 1 1 1 1 0 1 1 1 1 1 0 1 1 1 
0 0 0 0 0 0 0 1 1 1 1 6 6 6 6 2 2 3 2 3 2 4 4 4 4 4 4 4 4 5 5 5 5 5 5 5 5 5 0 0 2 3 11 12 18 13 19 7 15 11 8 13 11 19 18 19 14 15 3 9 12 9 15 17 13 13 8 12 7 3 18 12 13 17 14 17 8 6 3 7 
Testcase: p46 Final Cost: 12385 Time Spent: 0 second(s)
1 1 1 1 1 1 0 1 1 0 1 1 1 1 1 1 0 0 1 1 0 1 1 0 1 1 1 0 1 1 
10 0 10 10 10 0 10 1 1 1 1 11 11 11 11 2 2 3 2 3 2 4 4 5 19 3 5 7 7 8 7 8 4 3 10 2 3 7 24 28 29 12 21 22 24 14 18 7 10 28 29 22 13 22 25 26 13 18 18 24 19 15 28 18 26 15 14 13 15 12 
Testcase: p47 Final Cost: 6570 Time Spent: 0 second(s)
1 1 1 1 1 1 1 1 1 1 
0 0 0 0 0 0 0 0 0 0 1 1 1 2 1 1 1 2 2 2 2 2 2 2 2 2 2 3 3 3 3 3 3 3 3 4 4 4 4 4 4 4 4 4 4 4 4 5 5 5 5 5 5 5 6 6 6 6 6 6 6 6 7 7 6 7 6 0 7 7 7 7 7 8 8 8 8 6 8 9 9 0 9 9 9 2 2 6 9 9 
Testcase: p48 Final Cost: 9728 Time Spent: 0 second(s)
1 1 1 0 1 1 1 0 0 1 1 1 1 1 1 1 1 1 0 1 
0 0 0 0 1 0 1 1 1 2 12 2 2 16 5 4 4 4 5 5 5 5 5 5 6 6 6 6 6 11 13 13 2 11 14 1 1 4 9 9 9 9 10 10 11 10 11 10 17 13 15 13 13 12 13 14 15 12 14 12 0 15 14 14 15 16 16 17 17 17 17 17 17 17 2 19 2 19 19 19 
Testcase: p49 Final Cost: 12392 Time Spent: 0 second(s)
1 1 1 0 1 1 0 1 1 0 0 1 1 1 1 1 0 0 0 1 0 0 1 0 1 1 0 0 1 1 
0 1 1 2 1 2 2 2 19 5 13 5 4 14 2 7 7 7 7 7 7 7 11 8 8 11 8 12 12 14 13 13 13 14 15 15 29 15 2 29 8 2 22 19 1 19 13 25 25 2 2 2 0 22 13 13 22 24 24 14 25 28 25 13 4 15 28 22 28 28 
Testcase: p50 Final Cost: 10844 Time Spent: 0 second(s)
1 1 1 1 1 1 1 1 0 1 
3 6 3 0 5 9 5 9 3 7 7 4 1 2 9 9 9 5 5 3 9 0 0 4 0 7 7 4 4 7 7 7 3 3 3 5 2 9 0 6 9 6 1 5 5 5 7 5 5 3 3 3 6 0 0 0 9 6 5 2 9 7 7 7 3 3 0 4 0 7 3 6 6 0 0 4 4 3 3 4 3 9 2 5 7 5 1 7 2 7 9 1 3 1 1 5 6 2 9 7 
Testcase: p51 Final Cost: 11461 Time Spent: 0 second(s)
1 1 1 1 1 1 1 1 1 0 1 0 1 1 1 1 1 1 1 1 
15 6 19 10 12 13 5 16 15 1 5 3 6 13 6 13 12 16 2 15 0 0 10 14 14 14 1 3 19 7 1 1 17 19 15 5 13 13 10 0 0 13 13 13 16 5 5 5 5 17 15 5 0 14 14 10 6 6 4 12 18 5 1 5 15 15 10 3 7 7 15 0 0 0 10 19 19 19 19 3 19 5 16 12 13 13 6 8 12 1 13 13 13 4 13 13 13 12 13 18 
Testcase: p52 Final Cost: 12319 Time Spent: 0 second(s)
1 1 1 1 1 1 1 1 1 1 
7 7 7 7 7 7 7 7 3 4 4 4 3 4 4 4 4 3 6 9 8 0 8 5 8 9 9 5 9 9 9 9 9 2 6 6 6 6 6 6 6 6 6 6 7 7 4 8 8 7 5 3 4 6 2 5 3 3 3 4 6 1 5 3 0 8 8 6 4 7 3 6 4 3 3 5 3 4 7 0 6 3 2 5 5 3 3 7 0 3 5 7 2 1 5 2 3 4 3 7 
Testcase: p53 Final Cost: 13334 Time Spent: 0 second(s)
0 1 1 1 0 1 1 1 0 1 0 0 1 0 1 1 1 1 1 1 
5 5 5 5 5 5 5 5 19 19 19 7 7 7 7 7 7 2 12 2 12 16 7 16 12 9 9 9 9 9 14 9 9 14 18 18 18 18 18 18 18 18 18 18 5 5 7 9 12 6 15 17 7 18 5 16 3 3 1 6 18 2 15 14 6 3 9 18 6 5 17 18 6 3 3 15 3 6 6 2 14 19 12 15 15 3 1 6 15 1 2 2 17 19 2 17 1 6 1 16 
Testcase: p54 Final Cost: 10411 Time Spent: 0 second(s)
1 1 1 1 1 1 1 1 1 1 
2 0 7 7 7 7 7 2 2 2 2 2 2 2 2 2 2 2 2 1 1 1 1 3 1 1 3 3 3 3 3 3 3 3 3 3 3 3 3 6 6 8 8 6 8 6 8 8 8 8 8 3 6 6 6 6 6 6 6 6 6 5 5 6 5 5 5 6 6 0 4 0 0 5 8 0 0 0 0 0 5 0 0 4 4 4 4 4 4 4 4 9 2 9 9 9 3 9 9 9 
Testcase: p55 Final Cost: 11978 Time Spent: 1 second(s)
1 1 1 1 1 0 1 1 1 1 0 1 1 1 1 1 1 1 1 1 
17 17 16 17 16 4 4 4 8 8 8 8 2 8 17 8 2 2 8 12 1 2 12 6 12 12 12 12 6 6 6 14 14 6 6 6 6 6 6 7 7 19 19 7 0 0 0 0 0 0 0 0 7 7 7 7 7 7 7 7 11 11 6 11 3 11 11 7 11 9 9 11 9 13 17 13 9 13 9 9 13 15 15 15 15 15 15 15 6 15 9 18 18 18 18 17 18 18 18 18 
Testcase: p56 Final Cost: 23882 Time Spent: 0 second(s)
1 1 1 1 1 1 1 1 1 1 1 1 1 1 1 1 1 1 1 1 1 1 1 1 1 1 1 1 1 1 
18 19 21 27 2 12 15 27 22 28 4 28 13 1 28 18 1 20 22 0 18 16 5 24 10 18 27 19 29 2 19 19 4 16 27 6 20 8 24 16 18 9 6 4 8 19 13 21 19 14 24 16 24 16 8 6 11 9 18 7 29 0 7 8 13 11 5 14 28 25 18 12 19 9 23 23 20 23 8 16 10 0 9 25 29 13 6 5 27 7 28 6 25 25 2 3 11 6 0 28 28 15 25 18 4 0 4 24 22 3 19 4 27 12 12 8 28 7 17 8 26 11 17 19 26 16 2 11 26 17 28 24 25 20 23 9 3 3 28 10 12 22 11 11 25 5 24 15 27 25 24 17 23 0 8 11 2 15 3 13 13 27 10 24 5 27 5 4 3 21 1 20 19 14 26 2 0 10 29 10 5 21 2 19 12 8 28 23 0 21 2 21 6 4 7 12 7 15 10 19 
Testcase: p57 Final Cost: 34765 Time Spent: 0 second(s)
1 1 1 1 1 1 1 0 1 1 1 1 1 1 1 1 1 1 1 1 1 1 1 1 1 1 1 1 1 1 
18 19 21 27 2 12 15 27 22 28 4 28 13 1 28 18 1 20 22 0 18 16 5 24 10 18 27 19 29 2 19 19 4 16 27 6 20 8 24 16 18 9 6 4 8 19 13 21 19 14 24 16 24 16 8 6 11 9 18 27 29 0 13 8 13 11 5 14 28 25 18 12 19 9 23 23 20 23 8 16 10 0 9 25 29 13 6 5 27 19 28 6 25 25 2 3 11 6 0 28 28 15 25 18 4 0 4 24 22 3 19 4 27 12 12 8 28 9 17 8 26 11 17 19 26 16 2 11 26 17 28 24 25 20 23 9 3 3 28 10 12 22 11 11 25 5 24 15 27 25 24 17 23 0 8 11 2 15 3 13 13 27 10 24 5 27 5 4 3 21 1 20 19 14 26 2 0 10 29 10 5 21 2 19 12 8 28 23 0 21 2 21 6 4 18 12 1 15 10 19 
Testcase: p58 Final Cost: 53580 Time Spent: 0 second(s)
1 1 1 1 1 1 1 1 1 1 1 1 1 0 1 1 1 1 1 1 1 1 1 1 1 1 1 1 1 1 
18 19 21 27 2 12 15 27 22 28 4 28 9 1 28 18 1 20 22 0 18 16 5 24 10 18 27 19 29 2 19 19 4 16 27 6 20 8 24 16 18 9 6 4 8 19 3 21 19 14 24 16 24 16 8 6 11 9 18 7 29 0 7 8 20 11 5 14 28 25 18 12 19 9 23 23 20 23 8 16 10 0 9 25 29 23 6 5 27 7 28 6 25 25 2 3 11 6 0 28 28 15 25 18 4 0 4 24 22 3 19 4 27 12 12 8 28 7 17 8 26 11 17 19 26 16 2 11 26 17 28 24 25 20 23 9 3 3 28 10 12 22 11 11 25 5 24 15 27 25 24 17 23 0 8 11 2 15 3 24 16 27 10 24 5 27 5 4 3 21 1 20 19 14 26 2 0 10 29 10 5 21 2 19 12 8 28 23 0 21 2 21 6 4 7 12 7 15 10 19 
Testcase: p59 Final Cost: 39121 Time Spent: 0 second(s)
1 1 1 1 1 1 1 1 1 1 1 1 1 1 1 1 1 1 1 1 1 1 1 1 1 1 1 1 1 1 
18 19 21 27 2 12 15 27 22 28 4 28 13 1 28 18 1 20 22 0 18 16 5 24 10 18 27 19 29 2 19 19 4 16 27 6 20 8 24 16 18 9 6 4 8 19 13 21 19 14 24 16 24 16 8 6 11 9 18 7 29 0 7 8 13 11 5 14 28 25 18 12 19 9 23 23 20 23 8 16 10 0 9 25 29 13 6 5 27 7 28 6 25 25 2 3 11 6 0 28 28 15 25 18 4 0 4 24 22 3 19 4 27 12 12 8 28 7 17 8 26 11 17 19 26 16 2 11 26 17 28 24 25 20 23 9 3 3 28 10 12 22 11 11 25 5 24 15 27 25 24 17 23 0 8 11 2 15 3 13 13 27 10 24 5 27 5 4 3 21 1 20 19 14 26 2 0 10 29 10 5 21 2 19 12 8 28 23 0 21 2 21 6 4 7 12 7 15 10 19 
Testcase: p60 Final Cost: 23882 Time Spent: 0 second(s)
1 1 1 1 1 1 1 1 1 1 1 1 1 1 1 1 1 1 1 1 1 1 1 1 1 1 1 1 1 1 
18 19 21 27 2 12 15 27 22 28 4 28 13 1 28 18 1 20 22 0 18 16 5 24 10 18 27 19 29 2 19 19 4 16 27 6 20 8 24 16 18 9 6 4 8 19 13 21 19 14 24 16 24 16 8 6 11 9 18 7 29 0 7 8 13 11 5 14 28 25 18 12 19 9 23 23 20 23 8 16 10 0 9 25 29 13 6 5 27 7 28 6 25 25 2 3 11 6 0 28 28 15 25 18 4 0 4 24 22 3 19 4 27 12 12 8 28 7 17 8 26 11 17 19 26 16 2 11 26 17 28 24 25 20 23 9 3 3 28 10 12 22 11 11 25 5 24 15 27 25 24 17 23 0 8 11 2 15 3 13 13 27 10 24 5 27 5 4 3 21 1 20 19 14 26 2 0 10 29 10 5 21 2 19 12 8 28 23 0 21 2 21 6 4 7 12 7 15 10 19 
Testcase: p61 Final Cost: 32905 Time Spent: 0 second(s)
1 0 1 1 1 1 1 1 1 1 1 1 1 1 1 1 1 1 1 1 1 1 1 1 1 1 1 1 1 1 
18 19 21 27 2 12 15 27 22 28 4 28 13 8 28 18 2 20 22 0 18 16 5 24 10 18 27 19 29 2 19 19 4 16 27 6 20 8 24 16 18 9 6 4 8 19 13 21 19 14 24 16 24 16 8 6 11 9 18 7 29 0 7 8 13 11 5 14 28 25 18 12 19 9 23 23 20 23 8 16 10 0 9 25 29 13 6 5 27 7 28 6 25 25 2 3 11 6 0 28 28 15 25 18 4 0 4 24 22 3 19 4 27 12 12 8 28 7 17 8 26 11 17 19 26 16 2 11 26 17 28 24 25 20 23 9 3 3 28 10 12 22 11 11 25 5 24 15 27 25 24 17 23 0 8 11 2 15 3 13 13 27 10 24 5 27 5 4 3 21 14 20 19 14 26 2 0 10 29 10 5 21 2 19 12 8 28 23 0 21 2 21 6 4 7 12 7 15 10 19 
Testcase: p62 Final Cost: 54734 Time Spent: 1 second(s)
1 1 1 1 1 1 1 1 1 1 1 1 1 1 1 1 1 1 1 1 1 1 1 1 1 1 1 1 0 1 
18 19 21 27 2 12 15 27 22 18 4 9 13 1 18 18 1 20 22 0 18 16 5 24 10 18 27 19 29 2 19 19 4 16 27 6 20 8 24 16 18 9 6 4 8 19 13 21 19 14 24 16 24 16 8 6 11 9 18 7 29 0 7 8 13 11 5 14 27 25 18 12 19 9 23 23 20 23 8 16 10 0 9 25 29 13 6 5 27 7 6 6 25 25 2 3 11 6 0 0 19 15 25 18 4 0 4 24 22 3 19 4 27 12 12 8 26 7 17 8 26 11 17 19 26 16 2 11 26 17 18 24 25 20 23 9 3 3 8 10 12 22 11 11 25 5 24 15 27 25 24 17 23 0 8 11 2 15 3 13 13 27 10 24 5 27 5 4 3 21 1 20 19 14 26 2 0 10 29 10 5 21 2 19 12 8 9 23 0 21 2 21 6 4 7 12 7 15 10 19 
Testcase: p63 Final Cost: 39121 Time Spent: 0 second(s)
1 1 1 1 1 1 1 1 1 1 1 1 1 1 1 1 1 1 1 1 1 1 1 1 1 1 1 1 1 1 
18 19 21 27 2 12 15 27 22 28 4 28 13 1 28 18 1 20 22 0 18 16 5 24 10 18 27 19 29 2 19 19 4 16 27 6 20 8 24 16 18 9 6 4 8 19 13 21 19 14 24 16 24 16 8 6 11 9 18 7 29 0 7 8 13 11 5 14 28 25 18 12 19 9 23 23 20 23 8 16 10 0 9 25 29 13 6 5 27 7 28 6 25 25 2 3 11 6 0 28 28 15 25 18 4 0 4 24 22 3 19 4 27 12 12 8 28 7 17 8 26 11 17 19 26 16 2 11 26 17 28 24 25 20 23 9 3 3 28 10 12 22 11 11 25 5 24 15 27 25 24 17 23 0 8 11 2 15 3 13 13 27 10 24 5 27 5 4 3 21 1 20 19 14 26 2 0 10 29 10 5 21 2 19 12 8 28 23 0 21 2 21 6 4 7 12 7 15 10 19 
Testcase: p64 Final Cost: 24810 Time Spent: 0 second(s)
1 1 1 1 1 1 1 1 1 1 1 1 1 0 1 1 1 1 1 1 1 1 1 1 1 1 1 1 1 1 
18 19 21 27 2 12 15 27 22 28 4 28 23 1 28 18 1 20 22 0 18 16 5 24 10 18 27 19 29 2 19 19 4 16 27 6 20 8 24 16 18 9 6 4 8 19 0 21 19 14 24 16 24 16 8 6 11 9 18 7 29 0 7 8 4 11 5 14 28 25 18 12 19 9 23 23 20 23 8 16 10 0 9 25 29 21 6 5 27 7 28 6 25 25 2 3 11 6 0 28 28 15 25 18 4 0 4 24 22 3 19 4 27 12 12 8 28 7 17 8 26 11 17 19 26 16 2 11 26 17 28 24 25 20 23 9 3 3 28 10 12 22 11 11 25 5 24 15 27 25 24 17 23 0 8 11 2 15 3 8 14 27 10 24 5 27 5 4 3 21 1 20 19 14 26 2 0 10 29 10 5 21 2 19 12 8 28 23 0 21 2 21 6 4 7 12 7 15 10 19 
Testcase: p65 Final Cost: 35804 Time Spent: 0 second(s)
1 1 1 1 0 1 1 1 1 1 1 1 1 1 1 1 1 1 1 1 1 1 1 1 1 1 1 1 1 1 
18 19 21 27 2 12 15 27 22 28 8 28 13 1 28 18 1 20 22 0 18 16 5 24 10 18 27 19 29 2 19 19 0 16 27 6 20 8 24 16 18 9 6 3 8 19 13 21 19 14 24 16 24 16 8 6 11 9 18 7 29 0 7 8 13 11 5 14 28 25 18 12 19 9 23 23 20 23 8 16 10 0 9 25 29 13 6 5 27 7 28 6 25 25 2 3 11 6 0 28 28 15 25 18 23 0 17 24 22 3 19 27 27 12 12 8 28 7 17 8 26 11 17 19 26 16 2 11 26 17 28 24 25 20 23 9 3 3 28 10 12 22 11 11 25 5 24 15 27 25 24 17 23 0 8 11 2 15 3 13 13 27 10 24 5 27 5 21 3 21 1 20 19 14 26 2 0 10 29 10 5 21 2 19 12 8 28 23 0 21 2 21 6 15 7 12 7 15 10 19 
Testcase: p66 Final Cost: 53882 Time Spent: 0 second(s)
1 1 1 1 1 1 1 1 1 1 1 1 1 1 1 1 1 1 1 1 1 1 1 1 1 1 1 1 1 1 
18 19 21 27 2 12 15 27 22 28 4 28 13 1 28 18 1 20 22 0 18 16 5 24 10 18 27 19 29 2 19 19 4 16 27 6 20 8 24 16 18 9 6 4 8 19 13 21 19 14 24 16 24 16 8 6 11 9 18 7 29 0 7 8 13 11 5 14 28 25 18 12 19 9 23 23 20 23 8 16 10 0 9 25 29 13 6 5 27 7 28 6 25 25 2 3 11 6 0 28 28 15 25 18 4 0 4 24 22 3 19 4 27 12 12 8 28 7 17 8 26 11 17 19 26 16 2 11 26 17 28 24 25 20 23 9 3 3 28 10 12 22 11 11 25 5 24 15 27 25 24 17 23 0 8 11 2 15 3 13 13 27 10 24 5 27 5 4 3 21 1 20 19 14 26 2 0 10 29 10 5 21 2 19 12 8 28 23 0 21 2 21 6 4 7 12 7 15 10 19 
Testcase: p67 Final Cost: 40223 Time Spent: 1 second(s)
1 1 1 1 1 0 1 1 1 1 1 1 1 1 1 1 1 1 1 1 1 1 1 1 1 1 1 1 1 0 
18 19 21 22 2 12 15 27 22 28 4 28 13 1 28 18 1 20 22 0 18 16 18 24 10 18 27 19 4 2 19 19 4 16 27 6 20 8 24 15 18 9 6 26 8 19 13 21 19 14 24 16 24 16 8 6 11 9 18 25 3 0 7 8 13 11 2 14 28 25 7 12 19 9 23 23 20 23 8 16 10 0 9 25 17 13 19 15 27 7 28 6 25 25 2 3 27 6 0 28 28 15 25 18 4 0 4 24 22 3 19 4 27 12 12 8 28 7 17 8 26 11 17 19 26 16 2 11 26 17 28 24 25 20 23 9 3 3 28 10 12 22 11 11 25 21 24 15 27 25 24 17 23 0 8 11 2 15 3 13 13 27 10 24 17 27 0 4 3 21 1 20 19 14 26 2 0 10 17 10 21 21 2 19 12 8 28 23 0 21 2 21 6 4 7 12 7 15 10 19 
Testcase: p68 Final Cost: 23882 Time Spent: 0 second(s)
1 1 1 1 1 1 1 1 1 1 1 1 1 1 1 1 1 1 1 1 1 1 1 1 1 1 1 1 1 1 
18 19 21 27 2 12 15 27 22 28 4 28 13 1 28 18 1 20 22 0 18 16 5 24 10 18 27 19 29 2 19 19 4 16 27 6 20 8 24 16 18 9 6 4 8 19 13 21 19 14 24 16 24 16 8 6 11 9 18 7 29 0 7 8 13 11 5 14 28 25 18 12 19 9 23 23 20 23 8 16 10 0 9 25 29 13 6 5 27 7 28 6 25 25 2 3 11 6 0 28 28 15 25 18 4 0 4 24 22 3 19 4 27 12 12 8 28 7 17 8 26 11 17 19 26 16 2 11 26 17 28 24 25 20 23 9 3 3 28 10 12 22 11 11 25 5 24 15 27 25 24 17 23 0 8 11 2 15 3 13 13 27 10 24 5 27 5 4 3 21 1 20 19 14 26 2 0 10 29 10 5 21 2 19 12 8 28 23 0 21 2 21 6 4 7 12 7 15 10 19 
Testcase: p69 Final Cost: 32882 Time Spent: 0 second(s)
1 1 1 1 1 1 1 1 1 1 1 1 1 1 1 1 1 1 1 1 1 1 1 1 1 1 1 1 1 1 
18 19 21 27 2 12 15 27 22 28 4 28 13 1 28 18 1 20 22 0 18 16 5 24 10 18 27 19 29 2 19 19 4 16 27 6 20 8 24 16 18 9 6 4 8 19 13 21 19 14 24 16 24 16 8 6 11 9 18 7 29 0 7 8 13 11 5 14 28 25 18 12 19 9 23 23 20 23 8 16 10 0 9 25 29 13 6 5 27 7 28 6 25 25 2 3 11 6 0 28 28 15 25 18 4 0 4 24 22 3 19 4 27 12 12 8 28 7 17 8 26 11 17 19 26 16 2 11 26 17 28 24 25 20 23 9 3 3 28 10 12 22 11 11 25 5 24 15 27 25 24 17 23 0 8 11 2 15 3 13 13 27 10 24 5 27 5 4 3 21 1 20 19 14 26 2 0 10 29 10 5 21 2 19 12 8 28 23 0 21 2 21 6 4 7 12 7 15 10 19 
Testcase: p70 Final Cost: 53104 Time Spent: 0 second(s)
1 1 1 1 1 1 1 1 1 1 1 1 1 1 0 1 1 1 1 1 1 1 1 1 1 1 1 1 1 1 
18 19 21 27 2 12 15 27 22 28 4 28 13 1 28 18 1 20 22 0 18 16 5 24 10 18 27 19 29 2 19 19 4 16 27 6 20 8 24 16 18 9 6 4 8 19 13 21 19 13 24 16 24 16 8 6 11 9 18 7 29 0 7 8 13 11 5 5 28 25 18 12 19 9 23 23 20 23 8 16 10 0 9 25 29 13 6 5 27 7 28 6 25 25 2 3 11 6 0 28 28 15 25 18 4 0 4 24 22 3 19 4 27 12 12 8 28 7 17 8 26 11 17 19 26 16 2 11 26 17 28 24 25 20 23 9 3 3 28 10 12 22 11 11 25 5 24 15 27 25 24 17 23 0 8 11 2 15 3 13 13 27 10 24 5 27 5 4 3 21 1 20 19 1 26 2 0 10 29 10 5 21 2 19 12 8 28 23 0 21 2 21 6 4 7 12 7 15 10 19 
Testcase: p71 Final Cost: 39121 Time Spent: 0 second(s)
1 1 1 1 1 1 1 1 1 1 1 1 1 1 1 1 1 1 1 1 1 1 1 1 1 1 1 1 1 1 
18 19 21 27 2 12 15 27 22 28 4 28 13 1 28 18 1 20 22 0 18 16 5 24 10 18 27 19 29 2 19 19 4 16 27 6 20 8 24 16 18 9 6 4 8 19 13 21 19 14 24 16 24 16 8 6 11 9 18 7 29 0 7 8 13 11 5 14 28 25 18 12 19 9 23 23 20 23 8 16 10 0 9 25 29 13 6 5 27 7 28 6 25 25 2 3 11 6 0 28 28 15 25 18 4 0 4 24 22 3 19 4 27 12 12 8 28 7 17 8 26 11 17 19 26 16 2 11 26 17 28 24 25 20 23 9 3 3 28 10 12 22 11 11 25 5 24 15 27 25 24 17 23 0 8 11 2 15 3 13 13 27 10 24 5 27 5 4 3 21 1 20 19 14 26 2 0 10 29 10 5 21 2 19 12 8 28 23 0 21 2 21 6 4 7 12 7 15 10 19 
