Testcase: p1 Final Cost: 10300 Time Spent: 8 second(s)
1 0 0 1 1 1 1 1 1 1 
5 7 8 8 9 9 5 6 3 0 6 3 4 0 6 4 5 0 7 9 6 6 3 5 6 9 5 7 0 3 3 8 5 0 3 7 9 3 6 4 5 7 8 9 5 7 0 3 4 6 
Testcase: p2 Final Cost: 9041 Time Spent: 6 second(s)
1 1 1 1 1 1 1 1 1 1 
5 7 8 2 9 9 5 6 3 2 6 3 4 0 6 4 5 0 3 9 7 6 3 5 6 9 5 7 0 3 3 8 2 1 3 7 9 3 6 4 5 7 8 8 1 7 0 2 4 6 
Testcase: p3 Final Cost: 10717 Time Spent: 6 second(s)
1 0 1 1 1 1 1 1 1 1 
5 7 8 2 9 9 5 6 3 2 6 3 4 0 6 4 5 0 3 9 7 6 3 5 6 9 5 7 0 3 3 8 2 0 3 7 9 3 6 4 5 7 8 8 5 7 0 2 4 6 
Testcase: p4 Final Cost: 12279 Time Spent: 8 second(s)
1 0 1 1 0 1 1 1 1 1 
5 7 8 2 9 9 5 6 3 2 6 3 0 0 6 9 5 0 3 9 7 6 3 5 6 9 5 7 0 3 3 0 2 0 3 7 9 3 6 8 5 7 8 8 5 7 0 2 5 6 
Testcase: p5 Final Cost: 10251 Time Spent: 7 second(s)
1 1 0 1 1 1 1 1 1 1 
5 7 8 8 9 9 5 6 3 0 6 3 4 0 6 4 5 0 7 9 7 6 3 6 8 9 5 9 0 0 3 8 5 1 3 7 9 3 6 4 5 7 8 8 1 7 0 3 4 6 
Testcase: p6 Final Cost: 9352 Time Spent: 6 second(s)
1 1 1 1 1 1 1 1 1 1 
1 7 8 2 9 9 5 6 3 2 6 3 4 0 6 4 5 0 3 9 7 6 1 5 6 9 5 7 0 3 3 8 2 1 3 7 9 3 6 4 5 7 8 8 1 7 0 2 4 6 
Testcase: p7 Final Cost: 10975 Time Spent: 6 second(s)
1 1 1 1 0 1 1 1 1 1 
5 7 8 2 9 9 5 6 3 2 6 3 0 0 6 9 2 0 7 9 8 6 3 5 6 9 5 7 0 3 3 8 2 1 3 7 9 3 6 8 5 7 8 8 1 7 0 2 0 6 
Testcase: p8 Final Cost: 13186 Time Spent: 11 second(s)
1 1 1 1 1 1 1 1 1 1 
5 7 8 2 9 9 5 6 3 2 6 6 4 0 0 4 2 0 3 9 7 6 3 5 6 9 5 7 0 3 3 8 2 1 3 7 9 3 6 4 5 7 8 8 1 7 0 2 4 6 
Testcase: p9 Final Cost: 10282 Time Spent: 6 second(s)
1 1 1 1 1 1 1 1 1 0 
5 7 8 2 7 2 5 6 3 2 6 3 4 0 6 4 5 0 3 7 7 6 3 5 6 2 5 7 0 3 3 8 2 1 3 7 6 3 6 4 5 7 8 8 1 7 0 2 4 6 
Testcase: p10 Final Cost: 8917 Time Spent: 6 second(s)
1 0 1 1 1 1 1 1 1 1 
5 7 8 2 9 9 5 6 3 2 6 3 4 0 6 4 5 0 3 9 7 6 3 5 6 9 5 7 0 3 3 8 2 0 3 7 9 3 6 4 5 7 8 8 5 7 0 2 4 6 
Testcase: p11 Final Cost: 10717 Time Spent: 6 second(s)
1 0 1 1 1 1 1 1 1 1 
5 7 8 2 9 9 5 6 3 2 6 3 4 0 6 4 5 0 3 9 7 6 3 5 6 9 5 7 0 3 3 8 2 0 3 7 9 3 6 4 5 7 8 8 5 7 0 2 4 6 
Testcase: p12 Final Cost: 12517 Time Spent: 6 second(s)
1 0 1 1 1 1 1 1 1 1 
5 7 8 2 9 9 5 6 3 2 6 3 4 0 6 4 5 0 3 9 7 6 3 5 6 9 5 7 0 3 3 8 2 0 3 7 9 3 6 4 5 7 8 8 5 7 0 2 4 6 
Testcase: p13 Final Cost: 10301 Time Spent: 6 second(s)
1 1 1 0 1 1 0 1 0 0 0 1 0 0 0 1 0 1 0 1 
0 2 11 2 7 7 19 11 5 4 11 5 17 11 15 19 4 0 0 1 15 4 4 5 19 17 15 7 5 4 1 0 17 4 2 1 0 15 11 1 0 11 19 19 4 5 17 5 2 7 
Testcase: p14 Final Cost: 8987 Time Spent: 5 second(s)
1 0 1 1 0 1 1 0 1 1 0 1 1 0 0 1 1 0 0 1 
0 6 3 2 8 5 12 11 5 6 11 5 8 11 12 19 15 0 12 16 15 16 9 9 19 3 15 16 5 6 8 0 15 11 0 8 0 6 11 16 0 6 16 19 6 5 12 5 2 8 
Testcase: p15 Final Cost: 10808 Time Spent: 6 second(s)
1 1 0 0 1 1 1 1 1 0 0 1 1 0 0 1 0 1 0 0 
0 6 11 15 7 7 12 11 5 4 11 5 8 6 12 17 4 0 12 1 15 4 4 5 17 17 15 7 5 6 1 0 17 4 0 8 0 6 11 15 0 6 1 17 4 5 12 5 1 8 
Testcase: p16 Final Cost: 13747 Time Spent: 5 second(s)
1 1 0 0 0 1 1 1 0 1 0 0 0 1 1 0 1 0 1 1 
16 6 14 18 7 14 19 16 5 14 18 5 13 6 9 13 16 0 7 1 19 16 9 9 19 13 13 7 5 14 1 0 6 13 0 1 0 6 0 1 0 6 16 19 6 5 19 14 13 7 
Testcase: p17 Final Cost: 9358 Time Spent: 10 second(s)
1 1 0 0 1 0 1 0 1 0 0 1 1 0 1 0 0 1 0 1 
0 6 1 17 4 14 12 11 17 4 11 8 8 6 12 19 4 0 12 1 19 14 4 14 19 17 11 0 17 6 1 0 17 4 0 8 0 6 11 1 0 6 19 19 4 4 12 14 1 8 
Testcase: p18 Final Cost: 8464 Time Spent: 6 second(s)
1 1 0 0 1 0 0 1 0 1 0 0 1 1 1 0 1 1 1 0 
0 13 1 18 7 14 12 16 18 4 18 18 17 0 12 13 4 0 12 1 1 16 9 9 14 17 4 7 17 14 1 0 17 4 0 1 0 7 12 1 0 13 16 17 4 7 12 14 13 7 
Testcase: p19 Final Cost: 10227 Time Spent: 5 second(s)
1 1 0 0 1 0 1 1 0 0 0 0 0 0 1 1 1 1 1 1 
0 6 1 18 7 14 19 16 18 4 18 18 17 6 15 19 4 0 0 1 15 16 4 14 19 17 15 7 17 6 1 0 17 4 0 1 0 6 6 1 0 6 16 19 4 7 17 14 1 7 
Testcase: p20 Final Cost: 12852 Time Spent: 6 second(s)
1 0 1 0 1 1 1 0 1 1 0 0 1 0 1 0 1 1 0 0 
0 6 14 2 4 14 12 8 5 4 9 5 8 6 12 17 4 0 12 16 8 16 4 9 14 17 2 16 5 6 8 0 17 4 0 8 0 6 6 16 0 6 16 17 4 5 12 14 2 8 
Testcase: p21 Final Cost: 10048 Time Spent: 6 second(s)
1 1 0 0 1 0 1 1 1 1 0 0 0 1 0 1 0 1 1 1 
0 6 1 18 7 7 19 8 18 4 18 18 8 6 15 13 4 0 0 1 15 4 4 9 19 17 15 7 17 6 1 0 17 4 0 8 0 6 6 1 0 6 19 19 4 7 17 15 13 8 
Testcase: p22 Final Cost: 8178 Time Spent: 6 second(s)
1 0 0 0 1 0 1 1 0 0 0 0 1 1 1 1 0 1 0 1 
0 6 14 15 7 14 12 19 17 4 6 7 17 6 12 13 4 0 12 13 15 14 4 14 19 17 15 7 17 6 4 0 17 4 0 15 0 6 6 15 0 6 19 19 4 7 12 14 13 7 
Testcase: p23 Final Cost: 10264 Time Spent: 5 second(s)
1 1 0 0 1 1 1 1 0 0 0 0 1 1 0 1 0 0 1 0 
0 6 1 18 7 7 12 18 5 4 18 5 15 6 12 13 4 0 12 1 15 4 4 5 6 13 15 7 5 6 1 0 6 4 0 1 0 6 6 1 0 6 1 15 4 5 12 5 13 7 
Testcase: p24 Final Cost: 13177 Time Spent: 5 second(s)
1 1 1 0 1 1 1 0 0 1 0 0 1 1 1 1 0 0 0 1 
0 6 1 2 4 14 12 19 5 4 9 5 15 6 12 13 4 0 12 1 15 14 4 9 19 13 15 0 5 6 1 0 6 4 0 1 0 6 6 1 0 6 19 19 4 5 12 14 13 2 
Testcase: p25 Final Cost: 15445 Time Spent: 15 second(s)
0 0 1 1 1 1 0 1 1 1 1 1 0 0 0 0 1 1 1 0 1 1 1 0 1 1 1 1 0 0 
21 10 7 3 20 8 16 18 21 9 26 27 24 21 5 8 27 8 7 5 21 27 8 16 5 22 20 8 5 17 4 2 11 9 4 21 27 8 16 5 11 2 18 10 4 7 20 8 5 7 22 2 8 7 9 21 27 8 3 11 22 16 8 7 9 4 17 22 9 3 8 22 18 21 4 10 7 8 5 7 11 2 10 10 4 21 27 24 11 5 4 2 8 9 4 26 27 24 21 5 4 17 17 9 3 22 20 8 25 5 10 20 8 5 7 22 27 8 25 5 27 20 8 5 7 22 20 8 25 26 10 16 8 7 7 21 18 8 25 25 8 2 18 10 4 22 20 8 25 25 
Testcase: p26 Final Cost: 12176 Time Spent: 14 second(s)
0 0 0 1 1 1 0 1 1 1 1 1 0 1 0 0 0 0 1 0 1 1 1 0 1 1 1 1 0 0 
21 10 7 3 20 8 13 18 21 13 26 13 24 21 5 8 13 8 7 5 21 27 8 7 5 22 20 8 5 25 4 13 11 9 4 21 27 8 11 5 11 13 18 10 4 7 20 8 5 7 22 13 8 7 13 21 27 8 3 25 22 13 8 7 9 4 13 22 9 3 8 22 18 21 4 10 7 8 5 7 11 13 10 10 4 21 27 24 11 5 4 13 8 9 4 26 13 24 21 5 4 13 22 9 3 22 20 8 25 5 10 20 8 5 13 22 27 8 7 5 27 20 8 5 13 22 20 8 13 26 10 13 8 7 13 21 18 8 25 25 8 13 18 10 4 22 20 8 25 25 
Testcase: p27 Final Cost: 15566 Time Spent: 13 second(s)
0 0 0 1 1 1 0 1 1 1 1 1 0 1 0 1 0 0 1 0 1 1 1 0 0 1 1 1 0 0 
21 10 7 3 20 8 13 18 21 13 26 13 18 21 5 8 13 8 7 5 21 27 8 7 5 22 20 8 5 25 4 13 11 9 4 21 27 8 7 5 11 13 15 10 4 10 20 8 5 7 22 13 8 7 13 21 27 8 3 11 22 13 8 7 9 4 13 22 9 3 8 22 18 21 4 10 7 8 5 7 11 13 10 10 4 21 27 26 11 5 4 13 8 9 4 26 13 18 21 5 4 13 22 9 3 22 20 8 25 5 10 20 8 5 13 22 27 8 25 5 27 20 8 5 13 22 20 8 13 26 10 13 8 7 7 21 27 8 25 25 8 13 18 10 4 22 20 8 15 25 
Testcase: p28 Final Cost: 17742 Time Spent: 21 second(s)
0 0 0 1 1 1 0 1 1 1 1 1 0 1 0 0 0 0 0 0 1 1 1 0 1 0 1 1 0 0 
21 10 7 3 20 8 13 8 21 13 26 13 24 21 5 8 13 8 7 5 21 27 8 7 5 22 20 8 5 27 4 13 11 9 4 21 27 21 11 5 11 13 10 10 4 10 20 8 5 7 22 13 8 7 13 21 27 8 3 11 22 13 8 7 9 4 13 22 9 3 8 22 24 10 4 10 7 8 7 7 11 13 10 10 4 21 27 24 11 5 4 13 8 9 4 26 13 24 21 5 4 13 22 9 3 22 20 8 8 5 10 20 8 5 13 22 27 8 7 5 27 20 8 5 7 22 20 8 13 26 10 13 8 7 13 21 27 8 3 11 8 13 10 10 4 22 20 8 5 11 
Testcase: p29 Final Cost: 13950 Time Spent: 13 second(s)
0 0 0 0 1 1 0 1 1 1 1 1 0 1 0 0 1 1 1 0 1 1 0 0 1 1 0 1 0 0 
21 10 7 25 20 8 13 18 21 9 20 13 24 21 5 8 27 8 7 5 21 27 8 7 5 10 20 8 5 17 4 13 11 9 4 21 27 21 16 5 11 13 18 10 4 10 20 8 5 7 10 13 8 7 13 21 27 8 13 11 10 13 8 7 9 4 17 11 9 4 20 13 18 21 4 10 7 16 7 7 11 13 10 10 4 21 27 24 11 5 4 13 8 9 4 8 27 24 21 5 4 17 17 9 4 10 20 8 25 5 10 20 16 5 7 10 27 8 7 5 27 20 16 5 7 21 20 8 13 25 10 13 16 7 7 21 18 8 25 25 8 13 18 10 4 10 20 9 25 25 
Testcase: p30 Final Cost: 12729 Time Spent: 21 second(s)
0 0 0 1 1 1 0 1 1 1 1 1 0 1 0 1 0 1 1 0 1 1 1 1 1 1 0 1 0 0 
21 10 3 3 20 8 13 18 21 13 8 13 24 21 5 23 27 18 7 5 21 27 8 7 5 22 20 8 5 17 4 13 11 9 4 21 27 21 7 5 11 13 15 10 4 10 20 8 5 7 22 13 8 7 13 21 27 3 3 25 22 13 8 7 9 4 17 22 9 3 8 22 18 21 4 10 7 8 7 7 11 13 10 10 4 21 27 24 11 5 4 13 8 9 4 23 13 24 21 5 4 17 17 9 3 22 20 8 25 5 10 20 9 5 7 22 27 8 7 5 27 20 9 5 7 22 20 3 13 25 10 13 8 7 7 21 27 8 25 25 8 13 18 10 4 22 20 8 15 25 
Testcase: p31 Final Cost: 15650 Time Spent: 13 second(s)
0 0 0 1 1 1 0 1 1 1 1 1 0 1 0 1 0 0 1 0 1 1 1 0 1 1 0 1 0 0 
21 10 7 3 20 8 13 18 21 13 8 13 24 21 5 21 27 8 7 5 21 27 8 7 5 22 20 8 5 25 4 13 11 9 4 21 27 21 25 5 11 13 15 10 4 7 20 8 5 7 22 13 8 7 13 21 27 3 3 11 22 13 8 7 9 4 13 22 9 3 20 22 18 21 4 10 7 8 7 7 11 13 10 10 4 21 27 24 11 5 4 13 8 9 4 8 27 24 21 5 4 13 22 9 3 22 20 8 25 5 10 20 9 5 7 22 27 8 25 5 27 20 8 5 7 22 20 3 15 25 10 13 8 7 7 21 18 3 25 25 8 13 18 10 4 22 20 8 15 25 
Testcase: p32 Final Cost: 18340 Time Spent: 14 second(s)
0 0 0 1 1 1 0 1 1 0 1 1 0 1 0 0 0 1 1 0 1 1 1 0 0 1 1 1 0 0 
21 10 7 3 20 8 13 18 21 13 26 13 18 21 5 21 27 18 25 5 21 27 8 7 5 22 20 8 5 17 4 13 11 7 4 21 27 21 7 5 11 13 18 10 4 7 20 8 5 7 22 13 8 7 13 21 27 3 3 11 22 13 8 7 13 4 17 22 10 3 20 22 18 21 4 10 7 8 7 7 11 13 10 10 4 21 27 26 11 5 4 13 8 10 4 26 27 18 21 5 4 17 17 10 3 22 20 8 25 5 10 20 8 5 7 22 27 8 25 5 27 20 8 5 7 22 20 8 13 26 10 13 8 7 7 21 27 3 25 25 8 13 18 10 4 22 20 8 25 25 
Testcase: p33 Final Cost: 14695 Time Spent: 15 second(s)
0 0 0 1 1 1 0 1 1 1 1 1 0 1 0 0 0 1 1 0 1 1 1 1 1 1 0 1 0 0 
21 10 7 3 20 8 13 18 21 13 8 13 24 21 5 23 13 8 7 5 21 27 8 7 5 22 20 8 5 17 4 13 11 9 4 21 27 8 7 5 11 13 18 10 4 7 20 8 5 7 22 13 8 7 13 21 27 8 3 11 22 13 8 7 9 4 17 22 9 3 20 22 18 21 4 10 7 8 7 7 11 13 10 10 4 21 27 24 11 5 4 13 8 9 4 23 13 24 21 5 4 17 17 9 3 22 20 8 25 5 10 20 8 5 7 22 27 8 7 5 27 20 8 5 7 22 20 8 13 25 10 13 8 7 7 21 18 8 25 25 8 13 18 10 4 22 20 8 25 25 
Testcase: p34 Final Cost: 11900 Time Spent: 13 second(s)
0 0 0 0 1 1 0 1 1 1 1 1 1 1 0 0 0 0 1 0 1 1 1 0 1 1 0 1 0 0 
21 10 7 7 20 8 13 18 21 13 8 13 24 21 5 21 13 8 7 5 21 27 8 7 5 22 20 8 5 25 4 13 11 9 4 21 27 21 7 5 11 13 18 10 4 7 20 8 5 7 22 13 8 7 13 21 27 8 13 25 22 13 8 7 9 4 13 22 9 4 8 22 18 21 4 10 12 8 7 7 11 13 10 10 4 21 27 24 11 5 4 13 8 9 4 8 13 24 21 5 4 13 22 9 4 22 20 8 25 5 10 20 9 5 7 22 27 8 7 5 27 20 8 5 12 22 20 8 13 25 10 13 8 7 7 21 18 8 25 25 8 13 18 10 4 22 20 8 25 25 
Testcase: p35 Final Cost: 15992 Time Spent: 13 second(s)
0 0 0 0 1 1 0 1 1 1 1 1 0 1 0 1 0 1 1 0 1 1 1 0 1 1 1 1 0 0 
21 10 7 7 20 8 13 18 21 13 26 13 24 21 5 8 13 8 7 5 21 27 27 7 5 22 20 8 5 17 4 13 11 9 4 21 27 8 7 5 11 13 15 10 4 7 20 8 5 7 22 13 8 7 13 21 27 8 13 25 22 13 8 7 9 4 17 22 9 4 20 22 18 21 4 10 7 8 7 7 11 13 10 10 4 21 27 24 11 5 4 13 8 9 4 26 13 24 21 5 4 17 17 9 4 22 20 8 25 5 10 20 8 5 7 22 27 8 7 5 27 20 8 5 7 22 20 8 13 26 10 13 8 7 7 21 18 8 25 25 8 13 18 10 4 22 20 8 15 25 
Testcase: p36 Final Cost: 19042 Time Spent: 15 second(s)
0 0 0 1 1 1 0 1 1 1 1 1 0 1 0 1 0 0 1 0 0 1 1 0 1 1 1 1 0 0 
21 10 7 3 5 8 13 18 21 13 26 13 24 21 5 8 13 18 7 5 21 27 8 7 5 22 27 8 5 25 4 13 11 9 4 21 27 21 7 5 11 13 15 10 4 7 27 8 5 7 22 13 8 7 13 21 27 8 3 11 22 13 8 7 9 4 13 22 9 3 8 22 18 21 4 10 7 8 7 7 11 13 10 10 4 21 27 24 11 5 4 13 8 9 4 26 13 24 21 5 4 13 22 9 3 22 27 8 25 5 10 27 8 5 7 22 27 8 7 5 27 7 8 5 7 22 27 8 13 26 10 13 8 7 7 21 27 8 25 25 8 13 18 10 4 22 27 8 15 25 
Testcase: p37 Final Cost: 13516 Time Spent: 13 second(s)
0 0 0 1 1 1 0 1 1 1 1 0 0 1 0 0 0 0 1 0 1 1 1 0 0 1 1 1 0 0 
21 10 7 3 20 8 13 18 21 13 26 13 18 21 5 8 13 8 7 5 21 27 27 7 5 22 20 8 5 25 4 13 10 9 4 21 27 21 7 5 4 13 18 10 4 7 20 8 5 7 22 13 8 7 13 21 27 8 3 25 22 13 8 7 9 4 13 22 9 3 8 22 18 21 4 10 7 8 7 7 4 13 10 10 4 21 27 26 7 5 4 13 8 9 4 26 13 18 21 5 4 13 22 9 3 22 20 8 25 5 10 20 8 5 7 22 27 8 7 5 27 20 8 5 7 22 20 8 13 26 10 13 8 7 7 21 27 8 25 25 8 13 18 10 4 22 20 8 25 25 
Testcase: p38 Final Cost: 12137 Time Spent: 13 second(s)
0 0 0 0 1 1 0 1 1 1 1 1 0 1 0 1 0 1 1 0 1 1 1 1 1 1 0 0 0 0 
21 10 7 7 20 8 13 18 21 13 8 13 24 21 5 23 13 8 7 5 21 8 8 7 5 22 20 8 5 17 4 13 11 9 4 21 20 21 7 5 11 13 15 10 4 7 20 8 5 7 22 13 8 7 13 21 18 8 13 25 22 13 8 7 9 4 17 22 9 4 8 22 18 21 4 10 7 8 7 7 11 13 10 10 4 21 10 24 11 5 4 13 8 9 4 23 13 24 21 5 4 17 17 9 4 22 20 8 25 5 10 20 8 5 7 22 8 8 7 5 7 20 8 5 7 22 20 8 13 25 10 13 8 7 7 21 18 8 25 25 8 13 18 10 4 22 20 8 15 25 
Testcase: p39 Final Cost: 15548 Time Spent: 14 second(s)
0 0 0 1 1 1 0 1 1 1 1 1 1 1 0 0 0 0 1 0 1 1 1 0 1 1 0 1 0 0 
21 10 7 3 20 8 13 18 21 13 8 13 24 21 5 8 13 8 7 5 21 27 8 7 5 22 20 8 5 25 4 13 11 9 4 21 27 8 7 5 11 13 18 10 4 7 20 8 5 7 22 13 8 7 13 21 27 8 3 11 22 13 8 7 9 4 13 22 9 3 8 22 18 21 4 10 12 8 7 7 11 13 10 10 4 21 27 24 11 5 4 13 8 9 4 8 13 24 21 5 4 13 22 9 3 22 20 8 25 5 10 20 8 5 7 22 27 8 7 5 27 20 8 5 12 22 20 8 13 25 10 13 8 7 7 21 18 8 25 25 8 13 18 10 4 22 20 8 25 25 
Testcase: p40 Final Cost: 18938 Time Spent: 13 second(s)
0 0 0 1 1 1 0 1 1 1 1 1 0 1 0 0 0 0 1 0 1 1 1 0 1 1 1 1 0 0 
21 10 7 3 20 8 13 18 21 13 26 13 24 21 5 8 13 8 7 5 21 27 8 7 5 22 20 8 5 25 4 13 11 9 4 21 27 8 7 5 11 13 18 10 4 7 20 8 5 7 22 13 8 7 13 21 27 8 3 11 22 13 8 7 9 4 13 22 9 3 8 22 18 21 4 10 7 8 7 7 11 13 10 10 4 21 27 24 11 5 4 13 8 9 4 26 13 24 21 5 4 13 22 9 3 22 20 8 25 5 10 20 8 5 7 22 27 8 7 5 27 20 8 5 7 22 20 8 13 26 10 13 8 7 7 21 18 8 25 25 8 13 18 10 4 22 20 8 25 25 
Testcase: p41 Final Cost: 8795 Time Spent: 8 second(s)
1 1 1 1 1 1 1 1 1 1 
2 8 8 1 6 8 4 3 0 3 9 3 8 9 1 2 2 6 4 2 0 6 0 6 6 7 9 7 7 9 4 3 7 3 4 0 2 0 7 1 9 0 9 2 3 0 0 5 1 5 7 3 9 0 1 9 0 7 8 1 5 2 6 4 6 5 5 1 5 3 5 0 8 7 8 0 6 8 3 9 0 5 4 5 5 0 4 6 6 6 
Testcase: p42 Final Cost: 8668 Time Spent: 9 second(s)
0 0 1 1 1 1 1 1 1 1 0 1 0 1 1 0 1 1 0 1 
16 17 8 6 9 19 11 6 17 8 16 5 2 6 2 5 7 9 2 2 3 2 5 4 14 11 9 19 9 19 11 6 11 13 6 11 3 2 4 4 13 14 6 17 2 6 4 4 8 4 16 11 7 9 14 5 19 14 17 17 4 17 8 7 6 7 3 6 8 8 11 6 5 11 7 16 14 11 7 13 
Testcase: p43 Final Cost: 8745 Time Spent: 8 second(s)
1 0 0 0 0 1 1 1 0 1 1 1 1 0 1 1 0 0 1 0 1 0 1 1 0 0 1 0 0 1 
20 22 18 22 18 22 18 12 15 10 20 29 20 23 14 23 29 0 12 6 10 6 22 20 10 22 29 9 18 11 22 5 26 15 5 7 9 22 26 26 14 7 14 23 11 14 6 12 10 7 20 15 15 7 0 18 10 14 14 0 26 11 6 26 12 7 22 18 20 23 
Testcase: p44 Final Cost: 12083 Time Spent: 8 second(s)
1 1 1 1 1 1 1 1 1 1 
9 5 1 6 1 2 9 3 7 8 7 0 0 3 0 7 4 8 8 7 5 0 4 4 7 5 4 0 0 7 4 8 3 3 2 5 3 5 1 7 0 2 1 0 7 5 1 1 6 7 9 0 8 9 8 2 2 6 6 1 5 7 6 9 7 1 6 6 7 0 3 0 8 7 9 0 5 5 7 5 4 5 7 7 6 9 4 2 1 3 
Testcase: p45 Final Cost: 11133 Time Spent: 8 second(s)
1 1 1 1 1 1 0 1 1 0 1 1 1 0 1 1 1 0 0 1 
3 19 15 2 8 19 4 19 15 0 0 1 19 0 1 5 16 3 2 7 0 12 16 14 14 19 4 2 7 0 7 19 19 0 10 16 19 0 19 1 7 0 19 8 19 8 12 16 16 7 3 7 8 0 11 12 1 14 16 14 11 19 8 2 1 14 5 3 19 14 12 15 8 19 14 10 1 19 15 10 
Testcase: p46 Final Cost: 9749 Time Spent: 13 second(s)
1 1 0 1 1 0 1 1 0 0 0 1 0 1 1 0 1 0 1 1 0 1 0 0 0 1 0 0 0 1 
1 4 18 19 11 25 14 19 6 0 1 1 13 7 25 7 6 7 1 19 16 29 3 13 14 29 4 13 7 11 0 11 6 7 19 7 11 1 11 6 16 7 19 16 3 21 11 0 21 18 6 19 19 3 29 13 25 14 6 18 4 7 6 29 21 7 29 7 29 0 
Testcase: p47 Final Cost: 13335 Time Spent: 13 second(s)
1 1 1 1 0 1 1 1 1 1 
2 7 2 8 3 7 7 9 7 9 6 6 1 6 9 7 9 8 6 9 3 8 6 9 7 9 0 8 7 8 1 6 2 7 9 0 3 7 1 9 2 6 1 7 0 3 7 7 5 7 2 0 1 0 3 7 1 6 1 8 6 7 0 3 7 0 6 8 5 5 0 0 3 7 0 6 1 5 7 7 0 1 0 2 8 3 5 7 6 5 
Testcase: p48 Final Cost: 11324 Time Spent: 7 second(s)
1 1 1 0 0 1 0 0 0 1 0 1 1 1 0 1 0 0 1 1 
2 2 9 0 5 1 12 0 9 2 12 19 13 2 1 0 15 0 1 0 19 2 1 0 18 5 1 0 18 9 1 0 15 12 0 11 18 18 0 11 15 11 5 2 15 11 5 11 15 11 13 11 15 12 12 11 2 11 18 2 2 12 18 1 2 12 9 5 0 13 9 9 1 0 9 13 2 0 9 15 
Testcase: p49 Final Cost: 9855 Time Spent: 7 second(s)
1 1 1 0 1 1 0 1 0 0 1 0 0 0 1 0 0 0 0 1 0 0 1 1 0 0 1 0 1 1 
0 22 10 23 23 5 29 10 22 22 1 29 1 29 14 5 26 0 2 14 7 22 5 26 5 29 14 7 28 0 23 10 26 23 7 28 4 2 19 1 28 0 28 14 23 23 1 19 7 28 23 0 28 4 26 14 2 28 1 23 10 5 19 0 29 4 23 19 0 29 
Testcase: p50 Final Cost: 8956 Time Spent: 24 second(s)
1 1 1 0 0 1 1 1 1 1 
1 2 0 9 0 5 8 2 6 6 5 2 6 6 1 2 0 2 8 1 5 7 6 6 5 9 0 5 2 5 0 1 6 2 9 0 9 5 7 5 2 1 7 2 9 2 7 5 8 5 6 7 6 5 5 1 1 5 7 5 1 2 0 9 0 2 8 2 6 1 9 7 6 0 9 1 2 5 7 5 0 7 6 9 7 2 8 5 7 5 5 2 6 6 1 2 0 2 8 0 
Testcase: p51 Final Cost: 8494 Time Spent: 27 second(s)
1 1 0 0 0 1 1 1 1 1 0 1 1 0 0 1 1 0 0 1 
1 19 12 12 11 9 6 11 9 9 6 6 11 1 7 11 7 9 19 8 5 6 19 8 15 6 15 11 8 7 1 19 16 12 11 0 6 11 9 7 6 6 11 8 7 0 6 11 8 8 1 19 15 11 8 5 7 12 15 8 5 6 19 0 15 5 16 19 0 11 11 19 12 19 11 0 6 12 9 0 7 6 19 8 1 0 12 9 8 0 5 16 19 0 11 0 7 9 15 0 
Testcase: p52 Final Cost: 14766 Time Spent: 9 second(s)
1 1 1 1 1 1 1 1 1 1 
5 3 3 6 6 2 4 9 1 0 5 9 3 8 0 3 6 9 0 1 5 3 3 8 5 4 7 9 9 7 8 2 3 6 6 2 4 3 9 7 8 3 3 8 6 2 8 2 1 7 5 9 3 2 7 5 2 9 4 4 2 1 3 6 1 3 0 1 0 2 7 3 3 8 5 4 7 2 7 7 8 9 3 2 8 5 5 3 2 0 8 7 9 2 9 5 1 0 4 4 
Testcase: p53 Final Cost: 14032 Time Spent: 12 second(s)
1 1 1 0 1 1 0 0 1 1 0 1 1 1 1 1 1 1 0 1 
19 1 12 4 9 8 0 11 13 9 19 11 15 1 14 19 0 11 13 9 8 0 11 4 9 5 16 5 0 19 13 1 12 17 17 13 0 12 8 17 19 1 15 19 11 19 9 15 1 14 11 1 12 8 17 19 1 15 19 9 19 0 8 5 2 19 1 8 5 2 5 16 13 19 0 19 12 15 2 4 1 16 14 8 19 19 16 13 19 12 2 16 1 0 0 13 0 12 4 9 
Testcase: p54 Final Cost: 14693 Time Spent: 9 second(s)
1 1 1 1 1 1 1 1 1 1 
4 9 2 9 2 4 4 6 5 0 4 0 3 3 2 1 6 4 8 0 8 6 2 5 2 1 6 4 8 0 4 6 3 5 8 1 6 4 8 0 4 0 2 9 2 4 4 4 5 0 4 9 2 3 2 4 6 3 8 0 4 0 3 9 2 4 7 1 8 7 3 0 2 3 2 1 6 4 8 0 4 9 3 9 2 1 6 4 9 0 4 0 2 3 2 1 6 4 8 5 
Testcase: p55 Final Cost: 12007 Time Spent: 12 second(s)
1 0 1 0 1 1 1 0 1 1 1 0 0 0 1 0 0 0 1 1 
19 19 8 6 9 19 0 2 6 9 10 2 6 14 10 19 0 2 4 9 4 2 2 14 10 4 2 2 4 8 19 6 6 6 9 19 19 18 8 9 10 2 6 14 18 19 19 0 18 9 19 19 0 8 9 19 19 0 5 9 19 6 6 6 9 19 19 2 4 5 19 8 8 6 10 4 2 2 4 5 2 2 2 14 10 0 2 2 14 18 0 2 2 14 18 19 19 2 8 9 
Testcase: p56 Final Cost: 27015 Time Spent: 17 second(s)
1 1 1 1 1 1 1 1 1 1 1 1 1 1 1 1 1 1 0 1 1 0 1 1 1 1 0 1 1 1 
19 20 1 15 9 3 8 3 6 25 9 4 10 14 9 2 7 16 16 20 16 16 4 19 17 8 7 0 3 16 4 5 7 3 2 16 7 24 24 10 1 12 12 1 3 22 12 5 22 19 17 14 24 4 17 4 5 5 14 15 17 27 13 25 15 24 5 14 9 10 29 3 2 8 5 15 16 11 3 14 5 25 11 23 20 5 15 2 24 15 9 29 0 27 29 17 20 29 11 3 6 9 19 11 27 7 1 23 13 9 25 1 29 1 7 17 20 8 11 2 0 10 10 13 28 15 14 20 8 2 23 12 12 9 16 28 5 23 14 1 2 17 19 11 6 19 11 8 11 9 8 11 5 22 4 25 0 24 12 17 23 8 19 17 11 0 2 5 29 23 2 14 24 20 23 10 2 14 27 4 3 4 28 22 28 15 29 1 28 29 16 8 23 20 8 10 4 1 27 8 
Testcase: p57 Final Cost: 35844 Time Spent: 17 second(s)
1 1 1 1 1 1 1 0 1 1 1 1 1 0 1 1 1 1 1 1 1 1 1 1 1 1 1 1 1 1 
19 20 1 15 9 3 8 3 6 25 9 4 10 14 9 2 14 16 16 20 16 16 4 19 17 8 21 0 3 16 4 5 14 3 2 16 14 24 24 10 1 12 12 1 3 22 12 5 22 19 17 14 24 4 17 4 5 5 14 15 17 27 22 25 15 21 5 14 9 10 18 3 2 8 5 15 16 11 3 14 5 25 11 23 20 5 15 2 24 15 9 29 0 27 29 17 20 29 11 3 6 9 19 11 27 19 1 23 11 9 25 1 29 21 29 17 18 8 11 18 0 10 10 22 28 15 21 20 8 2 23 12 12 9 16 26 5 23 14 1 2 17 19 11 6 19 11 8 18 9 8 11 5 22 4 25 0 24 12 17 23 8 19 17 26 0 2 5 29 23 2 14 24 20 23 10 2 14 27 4 26 4 28 22 28 15 29 1 28 29 16 8 26 20 8 10 4 1 27 8 
Testcase: p58 Final Cost: 55954 Time Spent: 16 second(s)
1 1 1 1 1 0 1 1 1 1 1 1 1 1 1 1 1 1 1 1 1 1 1 1 1 0 1 1 1 1 
19 20 1 15 9 3 8 3 6 15 9 4 10 14 9 2 7 16 16 20 16 16 4 19 17 8 7 0 3 16 4 12 7 3 2 16 7 24 24 10 1 12 12 1 3 22 12 10 22 19 17 14 24 4 17 4 2 9 14 15 17 27 13 29 15 21 18 14 9 10 18 3 2 8 0 15 16 11 3 14 14 12 11 23 20 22 15 2 24 15 9 29 0 27 29 17 20 29 11 3 6 9 19 11 27 7 1 23 13 9 7 1 29 21 7 17 18 8 11 18 0 10 10 13 28 15 21 20 8 2 23 12 12 9 16 26 0 23 14 1 2 17 19 11 6 19 11 8 18 9 8 11 1 22 4 24 0 24 12 17 23 8 19 17 26 0 2 10 29 23 2 14 24 20 23 10 2 14 27 4 26 4 28 22 28 15 29 1 28 29 16 8 26 20 8 10 4 1 27 8 
Testcase: p59 Final Cost: 42351 Time Spent: 19 second(s)
1 1 1 1 1 1 1 1 1 0 1 1 1 1 1 1 1 1 1 1 1 1 1 1 1 1 1 1 1 1 
19 20 1 15 2 3 8 3 6 25 19 4 10 14 27 2 7 16 16 20 16 16 4 19 17 8 7 0 3 16 4 5 7 3 2 16 7 24 24 10 1 12 12 1 3 22 12 5 22 19 17 14 24 4 17 4 5 5 14 15 17 27 13 25 15 21 5 14 24 10 18 3 2 8 0 15 16 11 3 14 5 25 11 23 20 5 15 2 24 15 19 29 0 27 29 17 20 29 11 3 6 17 19 11 27 7 1 23 13 18 25 1 29 21 7 17 18 8 11 18 0 10 10 13 28 15 21 20 8 2 23 12 12 27 16 26 5 23 14 1 2 17 19 11 6 19 11 8 18 18 8 11 5 22 4 25 0 24 12 17 23 8 19 17 26 0 2 5 29 23 2 14 24 20 23 10 2 14 27 4 26 4 28 22 28 15 29 1 28 29 16 8 26 20 8 10 4 1 27 8 
Testcase: p60 Final Cost: 28184 Time Spent: 17 second(s)
1 1 1 1 1 1 1 1 1 1 1 1 1 1 1 1 1 1 1 1 1 1 1 1 1 1 1 1 1 1 
19 20 1 15 9 3 8 3 6 25 9 4 10 14 9 2 7 16 16 20 16 16 4 19 17 8 7 0 3 16 4 5 7 3 2 16 7 24 24 10 1 12 12 1 3 22 12 5 22 19 17 14 24 4 17 4 5 5 14 15 17 27 13 25 15 21 5 14 9 10 18 3 2 8 5 15 16 11 3 14 5 25 11 23 20 5 15 2 24 15 9 29 0 27 29 17 20 29 11 3 6 9 19 11 27 7 1 23 13 9 25 1 29 21 7 17 18 8 11 18 0 10 10 13 28 15 21 20 8 2 23 12 12 9 16 26 5 23 14 1 2 17 19 11 6 19 11 8 18 9 8 11 5 22 4 25 0 24 12 17 23 8 19 17 26 0 2 5 29 23 2 14 24 20 23 10 2 14 27 4 26 4 28 22 28 15 29 1 28 29 16 8 26 20 8 10 4 1 27 8 
Testcase: p61 Final Cost: 36715 Time Spent: 16 second(s)
1 1 1 1 1 1 1 1 1 1 0 1 1 1 1 1 1 1 1 1 1 1 1 1 1 1 1 1 1 1 
19 20 1 15 9 3 8 3 6 25 9 4 0 14 9 2 7 16 16 20 16 16 4 19 17 8 7 0 3 16 4 5 7 3 2 16 7 24 24 0 1 12 12 1 3 22 12 5 22 19 17 14 24 4 17 4 5 5 14 15 17 27 13 25 15 21 5 14 9 15 18 3 2 8 0 15 16 11 3 14 5 25 11 23 20 5 15 2 24 15 9 29 0 27 29 17 20 29 11 3 6 9 19 11 27 7 1 23 13 9 25 1 29 21 7 17 18 8 11 18 0 28 29 13 28 15 21 20 8 2 23 12 12 9 16 26 5 23 14 1 2 17 19 11 6 19 11 8 18 9 8 11 5 22 4 25 0 24 12 17 23 8 19 17 26 0 2 5 29 23 2 14 24 20 23 23 2 14 27 4 26 4 28 22 28 15 29 1 28 29 16 8 26 20 8 22 4 1 27 8 
Testcase: p62 Final Cost: 54432 Time Spent: 16 second(s)
1 1 1 1 1 1 0 1 1 1 1 1 1 1 1 1 0 1 1 1 0 1 1 1 1 1 1 1 1 1 
19 22 1 15 9 3 8 3 24 25 9 4 10 14 9 2 7 21 23 5 13 14 4 19 17 8 7 0 3 14 4 5 7 3 2 24 7 24 24 10 1 12 12 1 3 22 12 5 22 19 17 14 24 4 17 4 5 5 14 15 17 27 13 25 15 21 5 14 9 10 18 3 2 8 0 15 13 11 3 14 5 25 11 23 12 5 15 2 24 15 9 29 0 27 29 17 2 29 11 3 29 9 19 11 27 7 1 23 13 9 25 1 29 21 7 17 18 8 11 18 0 10 10 13 28 15 21 21 8 2 23 12 12 9 17 26 5 23 14 1 2 17 19 11 11 19 11 8 18 9 8 11 5 22 4 25 0 24 12 17 23 8 19 17 26 0 2 5 29 23 2 14 24 4 23 10 2 14 27 4 26 4 28 22 28 15 29 1 28 29 0 8 26 9 8 10 4 1 27 8 
Testcase: p63 Final Cost: 42071 Time Spent: 16 second(s)
1 1 1 1 1 1 1 1 1 1 1 1 1 0 1 1 1 1 0 1 1 1 1 1 1 1 1 1 1 1 
19 20 1 15 9 3 8 3 6 25 9 4 10 14 9 2 7 16 16 20 16 16 4 19 17 8 7 0 3 16 4 5 7 3 2 16 7 24 24 10 1 12 12 1 3 22 12 5 22 19 17 14 24 4 17 4 5 5 14 15 17 27 22 25 15 21 5 14 9 10 29 3 2 8 5 15 16 11 3 14 5 25 11 23 20 5 15 2 24 15 9 29 0 27 29 17 20 29 11 3 6 9 19 11 27 7 1 23 11 9 25 1 29 21 7 17 20 8 11 2 0 10 10 22 28 15 21 20 8 2 23 12 12 9 16 26 5 23 14 1 2 17 19 11 6 19 11 8 11 9 8 11 5 22 4 25 0 24 12 17 23 8 19 17 26 0 2 5 29 23 2 14 24 20 23 10 2 14 27 4 26 4 28 22 28 15 29 1 28 29 16 8 26 20 8 10 4 1 27 8 
Testcase: p64 Final Cost: 27410 Time Spent: 17 second(s)
1 1 1 1 1 1 1 1 1 1 1 1 1 1 1 1 1 1 0 1 1 0 1 1 1 1 1 1 1 1 
19 20 1 15 9 3 8 3 6 25 9 4 10 14 9 2 7 16 16 20 16 16 4 19 17 8 7 0 3 16 4 5 7 3 2 16 7 24 24 10 1 12 12 1 3 22 12 5 22 19 17 14 24 4 17 4 5 5 14 15 17 27 13 25 15 24 5 14 9 10 29 3 2 8 5 15 16 11 3 14 5 25 11 23 20 5 15 2 24 15 9 29 0 27 29 17 20 29 11 3 6 9 19 11 27 7 1 23 13 9 25 1 29 1 7 17 20 8 11 2 0 10 10 13 28 15 14 20 8 2 23 12 12 9 16 26 5 23 14 1 2 17 19 11 6 19 11 8 11 9 8 11 5 22 4 25 0 24 12 17 23 8 19 17 26 0 2 5 29 23 2 14 24 20 23 10 2 14 27 4 26 4 28 22 28 15 29 1 28 29 16 8 26 20 8 10 4 1 27 8 
Testcase: p65 Final Cost: 36152 Time Spent: 16 second(s)
0 1 1 1 1 1 1 1 1 0 1 1 1 1 1 1 1 1 1 1 1 1 1 1 1 1 1 1 1 1 
19 20 1 15 2 3 8 3 6 25 19 4 10 14 27 2 7 16 16 20 16 16 4 19 17 8 7 22 3 16 4 5 7 3 2 16 7 24 24 10 1 12 12 1 3 22 12 5 22 19 17 14 24 4 17 4 5 5 14 15 17 27 13 25 15 21 5 14 24 10 18 3 2 8 5 15 16 11 3 14 5 25 11 23 20 5 15 2 24 15 19 29 27 27 29 17 20 29 11 3 6 17 19 11 27 7 1 23 13 18 25 1 29 21 7 17 18 8 11 18 15 10 10 13 28 15 21 20 8 2 23 12 12 27 16 26 5 23 14 1 2 17 19 11 6 19 11 8 18 18 8 11 5 22 4 25 5 24 12 17 23 8 19 17 26 13 2 5 29 23 2 14 24 20 23 10 2 14 27 4 26 4 28 22 28 15 29 1 28 29 16 8 26 20 8 10 4 1 27 8 
Testcase: p66 Final Cost: 56902 Time Spent: 17 second(s)
1 1 1 1 1 1 1 1 1 1 1 1 1 1 1 1 1 1 1 1 1 1 1 1 1 1 1 1 1 0 
19 20 1 15 9 3 8 3 6 25 9 4 10 14 9 2 7 16 16 20 16 16 4 19 17 8 7 0 3 16 4 5 7 3 2 16 7 24 24 10 1 12 12 1 3 22 12 5 22 19 17 14 24 4 17 4 5 5 14 15 17 27 13 25 15 21 5 14 9 10 18 3 2 8 5 15 16 11 3 14 5 25 11 23 20 5 15 2 24 15 9 7 0 27 7 17 20 8 11 3 6 9 19 11 27 7 1 23 13 9 25 1 9 21 7 17 18 8 11 18 0 10 10 13 28 15 21 20 8 2 23 12 12 9 16 26 5 23 14 1 2 17 19 11 6 19 11 8 18 9 8 11 5 22 4 25 0 24 12 17 23 8 19 17 26 0 2 5 19 23 2 14 24 20 23 10 2 14 27 4 26 4 28 22 28 15 27 1 28 20 16 8 26 20 8 10 4 1 27 8 
Testcase: p67 Final Cost: 41689 Time Spent: 17 second(s)
1 1 1 1 1 1 1 1 1 1 1 1 1 1 1 1 1 1 1 1 1 0 0 1 1 1 1 1 1 1 
19 20 1 8 9 3 8 3 24 5 9 4 10 14 9 2 7 16 16 20 16 16 4 19 17 8 5 0 3 16 4 5 7 3 2 16 7 24 24 10 1 12 12 1 3 5 12 5 19 19 17 14 24 4 17 4 2 5 14 15 17 27 13 25 15 24 5 14 9 10 18 3 2 8 5 15 12 11 3 14 5 25 11 23 20 5 15 2 24 15 9 29 0 27 29 17 20 29 11 3 6 9 19 11 27 7 1 23 13 9 25 17 29 1 7 17 18 8 11 18 0 10 10 13 28 15 14 20 8 2 23 12 12 9 16 26 5 23 14 1 2 17 19 11 6 19 11 8 11 9 8 11 5 27 4 25 0 24 12 17 23 8 19 17 26 0 2 5 29 23 2 14 24 20 23 23 2 14 27 4 26 4 28 6 28 15 29 1 28 29 16 8 26 20 8 10 4 1 27 8 
Testcase: p68 Final Cost: 28101 Time Spent: 17 second(s)
1 1 1 0 1 1 1 1 0 0 1 1 1 1 1 1 1 0 1 1 1 1 1 1 1 1 1 1 1 1 
19 20 1 15 2 26 10 6 6 25 19 4 10 14 27 2 7 16 16 20 16 16 4 19 16 18 7 0 20 16 4 5 7 14 2 16 7 24 24 10 1 12 12 1 22 22 12 5 22 19 21 14 24 4 24 4 5 5 14 15 12 27 13 25 15 21 5 14 24 10 18 22 2 15 0 15 16 11 15 14 5 25 11 23 20 5 15 2 24 15 19 29 0 27 29 26 20 29 11 7 6 23 19 11 27 7 1 23 13 18 25 1 29 21 7 11 18 19 11 18 0 10 10 13 28 15 21 20 5 2 23 12 12 27 16 26 5 23 14 1 2 23 19 11 6 19 11 16 18 18 12 11 5 22 4 25 0 24 12 28 23 20 19 15 26 0 2 5 29 23 2 14 24 20 23 10 2 14 27 4 26 4 28 22 28 15 29 1 28 29 16 0 26 20 23 10 4 1 27 23 
Testcase: p69 Final Cost: 34763 Time Spent: 16 second(s)
1 1 1 0 1 1 1 0 1 1 1 1 1 1 1 1 1 1 1 1 1 1 1 1 1 0 0 1 1 1 
19 20 1 15 9 1 8 6 6 5 9 4 10 14 9 2 14 16 16 20 16 16 4 19 17 8 21 0 20 16 4 5 14 14 2 16 14 24 24 10 1 12 12 1 22 22 12 5 22 19 17 14 24 4 17 4 5 5 14 15 17 27 13 29 15 21 5 14 9 10 18 9 2 8 5 15 16 11 15 14 5 12 11 23 20 5 15 2 24 15 9 29 0 27 29 17 20 29 11 9 6 9 19 11 27 19 1 23 13 9 1 1 29 21 29 17 18 8 11 18 0 10 10 13 28 15 21 20 8 2 23 12 12 9 16 28 5 23 14 1 2 17 19 11 6 19 11 8 18 9 8 11 5 22 4 24 0 24 12 17 23 8 19 17 11 0 2 5 29 23 2 14 24 20 23 10 2 14 27 4 19 4 28 22 28 15 29 1 28 29 16 8 23 20 8 10 4 1 27 8 
Testcase: p70 Final Cost: 56908 Time Spent: 17 second(s)
1 1 1 0 1 1 1 1 1 1 1 1 1 1 1 1 1 1 1 1 1 1 1 1 1 1 1 1 1 1 
19 20 1 15 9 26 8 6 6 25 9 4 10 14 9 2 7 16 16 20 16 16 4 19 17 8 7 0 20 16 4 5 7 14 2 16 7 24 24 10 1 12 12 1 22 22 12 5 22 19 17 14 24 4 17 4 5 5 14 15 17 27 13 25 15 21 5 14 9 10 18 9 2 8 0 15 16 11 15 14 5 25 11 23 20 5 15 2 24 15 9 29 0 27 29 17 20 29 11 7 6 9 19 11 27 7 1 23 13 9 25 1 29 21 7 17 18 8 11 18 0 10 10 13 28 15 21 20 8 2 23 12 12 9 16 26 5 23 14 1 2 17 19 11 6 19 11 8 18 9 8 11 5 22 4 25 0 24 12 17 23 8 19 17 26 0 2 5 29 23 2 14 24 20 23 10 2 14 27 4 26 4 28 22 28 15 29 1 28 29 16 8 26 20 8 10 4 1 27 8 
Testcase: p71 Final Cost: 42747 Time Spent: 19 second(s)
1 1 1 1 1 1 1 1 1 1 1 1 1 0 1 1 1 1 1 1 1 1 1 1 1 1 1 1 1 1 
19 20 1 15 9 3 8 3 6 25 9 4 10 14 9 2 7 16 16 20 16 16 4 19 17 8 7 0 3 16 4 5 7 3 2 16 7 24 24 10 1 12 12 1 3 22 12 5 22 19 17 14 24 4 17 4 5 5 14 15 17 27 22 25 15 21 5 14 9 10 18 3 2 8 0 15 16 11 3 14 5 25 11 23 20 5 15 2 24 15 9 29 0 27 29 17 20 29 11 3 6 9 19 11 27 7 1 23 11 9 25 1 29 21 7 17 18 8 11 18 0 10 10 22 28 15 21 20 8 2 23 12 12 9 16 26 5 23 14 1 2 17 19 11 6 19 11 8 18 9 8 11 5 22 4 25 0 24 12 17 23 8 19 17 26 0 2 5 29 23 2 14 24 20 23 10 2 14 27 4 26 4 28 22 28 15 29 1 28 29 16 8 26 20 8 10 4 1 27 8 
